3485 30997 11410 -1905
11621 16665 -17951 -28462
-24219 17141 2541 19691
10981 -863 -28345 6945
5490 7541 9087 28531
17869 2377 -11811 -25920
29 11194 -20298 19329
16597 -3634 9338 -365
16082 -20764 -22497 -861
20319 22507 -8767 13579
-1251 6740 22621 21560
-15386 -12581 -6724 11364
8753 -14429 32711 19151
-2471 -17159 2877 -8174
7666 11625 -4095 -23657
9257 -22593 4093 12954
-3623 -19133 17889 2271
30229 28277 -22854 28227
-13023 -19674 -24796 -19229
11070 26456 15556 -8570
22028 131 8856 6460
5414 6785 -19790 30875
-1460 509 13658 -15865
-32747 14797 28760 -3648
-14884 -24010 19352 5933
27268 25625 5895 8448
3754 6947 29914 -14342
19693 -31827 -9979 -7630
2420 16901 -12980 10754
30103 21567 -7555 -13467
-20823 26476 17245 22266
15319 -12659 32262 32256
4772 16375 -5120 -24889
20212 -463 1289 -18265
4248 -19651 6229 -27636
12609 24109 -15548 -11698
-30969 17274 -32161 -13979
-16610 822 15310 24454
-14383 -2032 16425 31522
-29960 20207 -10138 -18637
6806 -6702 -29003 -27151
-15660 -27473 26210 -6016
25840 -32313 12010 23614
8871 1017 12134 14570
16731 13988 -4374 -10408
-7587 15854 9280 -24342
27084 17070 -12956 -19795
-5036 -28831 -795 15918
-12836 -32509 15560 -10391
-30325 -12545 -12323 28143
28669 6754 -12149 7764
-7445 -17691 3199 14928
12559 -5968 20156 22464
25652 21511 12158 -19305
-16971 14081 28103 -6356
-11866 25389 3467 -4115
-24488 31861 -15338 16361
17101 12816 71 5565
-23150 -15781 13910 -10171
18061 19506 19091 8453
-6246 -27570 3219 1223
-17238 9938 -20308 269
-11615 -16607 20462 22874
19730 12723 -19908 17185
-3600 19713 25866 -30443
30214 -2329 -20763 -5421
-31806 9638 -28674 -10944
11750 -4057 -8720 11109
10728 12308 8296 15281
26761 -20600 -29078 4441
12454 16727 -21980 14873
-17803 25505 22640 -30029
22711 -17926 26925 32196
10680 864 9152 13525
9655 9846 129 2592
21014 -27465 14257 -23917
16008 25885 23996 15391
22532 -23485 -1361 -6010
-5796 478 -25786 -10144
12739 7806 -20655 -9166
-24591 25502 -31653 3850
-4840 17420 15248 -13745
-25233 26042 19351 5232
-4714 23478 -24563 -26051
2560 11996 -8222 31004
-26681 30267 12676 -29884
10664 -26041 32712 -19138
-14423 -17418 -27772 18622
-14406 13741 -445 -18359
25580 -7839 -28012 -22068
22803 23083 29689 374
29603 20012 -10115 -14047
-15042 15596 -22380 2586
9360 -12635 -4894 -11361
13162 19279 -3214 25780
18544 -28903 25608 -12862
-29916 5103 6494 -7304
-538 -5726 22651 23632
155 -6707 -7582 -28185
-16920 16216 17812 -5400
5480 4992 -17373 10093
-30961 -3988 19174 -15077
-10435 -23704 -20623 31283
-3321 -6641 -4837 -5376
4392 -8187 8409 -3061
-31278 -28373 -17810 27593
7560 -8000 30056 -18332
13762 9358 -29850 10508
3132 -1536 21410 -20488
-17664 2073 19789 28296
31480 25363 26814 25183
-14835 -6422 12658 10321
-23465 2575 -23767 28890
26095 9869 -25484 5702
-20915 -14157 26303 8573
19426 -14468 9816 -11045
-19784 -10459 16478 -23258
-30674 3726 15398 1753
-24884 -15428 -20066 29786
31045 -25008 24530 -11552
-30005 20642 -7273 26065
-31425 21921 6861 31446
-2889 -2952 26594 32254
-25033 -10542 24192 21382
-21432 7107 -24461 -18174
-26144 948 -9926 18929
41 -27650 -7467 23295
20044 1573 -9660 -13319
-25443 -14511 -29300 -17987
29169 -14974 -29087 -29261
-3640 28133 27772 -7511
-21241 9898 -31669 -5133
-32581 17427 9324 -9187
20370 -3107 -18388 19712
-26227 -9925 -17372 26578
-30618 8211 -12841 30538
23742 19508 -27507 -32745
6720 13038 -23795 26194
22361 93 -28458 -30210
-26983 -18218 831 -31278
7437 -887 5968 -2792
15368 18270 11839 -16133
6059 -3629 27244 -6297
4480 -16837 -863 14326
8845 9275 -22266 -1493
-27573 19846 3281 -22992
-7997 32509 20658 -30235
-10675 -21409 -27586 -3463
32149 -25924 1102 6422
-2201 29647 -32282 22371
30348 12550 30960 -3738
-10177 15888 -11925 -5825
-12583 28747 -26348 9361
16980 21339 658 -11138
25742 -10605 -29421 3441
-9329 -2754 12878 9431
-30089 -30889 14578 20958
19380 -12430 32719 26104
-31076 23312 -25559 -28285
-19038 4019 -22113 -2428
12835 17311 7584 -17620
20529 -17125 32119 -8310
-24268 -10822 -29591 -13233
26139 16976 26743 -5790
-12461 -9677 30620 2278
-12612 -22755 25234 14435
29238 -23513 -9617 21277
24109 -14082 -24528 -21835
-14194 -5731 4581 -14540
-7323 1148 25792 15475
7344 27161 1332 -28315
8846 -22673 -19326 -10828
-9051 -1755 9233 12830
962 11024 -9845 -23195
-3635 -902 27810 19581
23710 -19484 -3639 -10943
-673 -16472 8864 10883
-13037 13549 22823 30691
9029 -15598 -2378 -32340
-9477 -15518 -6534 -9308
2449 -9566 -19358 28147
-12145 -11094 27575 23019
-17001 -31508 -31194 -3433
1762 35 9431 31636
-8486 27639 30762 19857
-22121 13046 -12917 -2921
-17324 21837 -23667 -30738
28443 31374 -14459 17598
21451 10159 -30046 -32211
26679 30895 -4250 -27659
-9997 -18393 21199 31350
-19591 28876 -18074 -25037
-29874 -23373 20504 -3517
28481 -1109 28339 14913
2701 23086 31707 15435
-10276 14357 12127 8950
17298 -8278 -3023 -19848
32647 12952 18745 -15206
-23542 -26537 -23611 1242
14315 -18447 9386 1742
15023 29451 6045 10468
-744 27210 -15602 2629
-10930 24003 -28090 -8712
13032 -21916 16454 -13107
4258 10614 -10744 -28
31840 29586 27730 -17547
-29232 9097 13042 8653
1066 24245 -27606 -4107
-30361 26435 29964 11172
16589 27399 -13840 -6761
29973 8170 -10826 -14027
-31308 1416 22688 -2040
-27535 -15582 -4658 12254
23845 625 1541 -28641
-28007 10094 -8077 27613
-25239 9586 -8813 2102
-5756 -23142 -30676 -23779
-4796 -26575 -18532 -4951
-14029 2130 1342 -2907
-25275 -17619 20251 26740
-1789 -2966 13825 14856
328 -27257 14715 24556
28121 9023 -20716 -2200
-19639 -12228 11698 14103
-15491 -21651 14957 -3467
-6337 -11155 -14195 30832
-27631 -12186 -13282 -7437
12652 -8467 28149 -31052
21645 -25419 12015 16055
32333 25155 -14166 23125
-3488 -25912 30989 13933
-22115 17015 -10855 -13514
24671 -22368 -13331 31825
-32515 24450 17844 -16891
6911 31336 17724 17300
-19899 16124 -7691 19391
24567 12699 7422 4013
-5990 -11356 -10438 18198
-8649 -31374 -698 -5858
18368 -19008 -24058 2183
-30043 6737 23753 11310
28638 -5246 21892 15674
-21417 31571 19467 14382
17624 -15335 23956 5639
-24316 2438 -9240 -31251
24489 10026 9831 -32206
-19352 8716 8962 12749
9453 21238 26506 26452
-7333 2866 27424 21495
-9863 17536 -373 -4389
-1515 -13839 -14035 12196
26443 -13554 15135 13888
-10105 2623 3028 -25033
29898 -20459 22038 -20405
-12192 -22594 19377 20590
22048 -26400 -23596 15195
-21975 -9858 -32050 8697
-7419 -31558 32753 -31260
2852 12756 -16280 -18541
19251 12561 3737 9919
-10901 17934 -16338 23486
-16359 -25258 12614 5772
-14063 -31541 -22475 -23232
20672 7914 30246 -27525
7338 -678 15374 -27564
-4671 15600 6024 31884
5803 29587 4267 28890
1923 47 -12414 8149
487 12353 -4438 32271
32593 -25012 1681 2167
5938 -26173 -14386 -12673
-1163 10903 29099 16302
9549 -9724 -23217 16647
27354 19834 -16034 -13214
145 -23808 22398 31800
-22654 2901 9371 26811
30864 -308 23324 6615
-8894 -23273 -13536 -16964
-31941 13350 13072 21899
-1312 12640 13478 15902
-12257 -1513 30512 28717
24124 4802 -18511 6045
-5324 -26638 3624 1738
169 -7282 -16369 29265
-4060 -7002 30328 -31361
-29488 29839 -3824 5496
5902 29559 26845 20851
-7739 27004 17039 -15358
6150 13163 9622 10969
4190 -13884 28439 11568
23733 -29468 -22171 -13789
-8045 18512 -30713 -1952
16103 -16354 31848 -32298
-17149 31246 14184 -27159
12403 -30461 -19279 -2597
-670 -25614 -7700 2613
-9806 1869 -19199 -20593
30497 -17991 -20974 -15049
75 22914 5746 10543
4069 17269 -12245 -5580
21614 -26664 -27429 -5993
-20126 589 1271 -20306
9549 8244 22413 2613
26269 8337 6652 13555
-543 -23351 -2524 25302
-20417 4941 -31261 -28789
8469 -4349 19180 -19721
-27987 5163 -21900 -25815
-10051 4058 -31688 -23281
-18884 7864 17710 10200
4154 16913 13847 -29035
31822 31542 16500 23987
-16118 1684 1559 15769
-14980 31978 -728 26738
3403 6081 -14730 -3298
17127 30989 -30525 29924
-14371 13787 16430 5307
-430 -13571 -10448 31164
-7595 29066 31615 -19608
4221 -14403 -25937 16408
-27673 10809 23397 5042
-25182 -19157 -29623 -18038
-21651 8164 7860 23447
-32418 4548 4242 8126
7056 19269 11580 -3848
6761 32104 29297 -20277
29847 22 -18425 28930
6494 -22134 12116 26497
26006 20225 -4120 -12585
6415 -31445 10146 -29631
22959 24441 16283 -32737
25874 28192 -9725 10779
30945 -28295 27575 26218
-21910 31522 -3127 -20260
-5604 29682 28878 29516
-16034 23044 -32442 -1009
-27114 -27704 -28363 377
10060 -379 3163 2602
-5847 -3175 12048 -13122
4335 11688 -11562 13772
26936 -22760 21464 -29175
-23235 -23929 -19287 -15063
17227 4143 -16636 -7812
25631 20937 23576 -16532
27903 -1729 2225 28681
15375 -31492 -27731 21926
-23 23132 24138 -31742
-12593 17328 -29573 26789
-9918 -24549 -29876 -18705
15330 -26099 14369 27746
12076 -14787 25138 2428
1716 30590 -18951 -4274
24539 7649 -27527 -9932
-571 -11157 -11471 6131
-20111 2735 28167 -2928
-28908 -4503 -9912 10140
25938 -14388 10686 -9904
6618 -14775 831 -22212
-14428 5545 28425 26148
20344 17577 -13113 -22607
-29096 -32622 21323 31021
-16398 -31795 5269 23214
-14310 24400 -15404 20560
-8851 1330 20834 -4657
22229 3236 24386 -23602
1854 -14269 -31401 -1274
-6756 291 16495 20283
-22282 -23534 -21013 14874
-1352 1114 3927 -24203
23878 12640 10376 24272
32125 -27622 23001 -17859
2465 28258 -14592 -14159
12471 25388 7220 -4468
24285 23930 -26079 -10312
19970 6709 13566 -9986
24506 13153 3618 7205
16909 24177 -32588 -31583
-32323 14426 20823 -9107
4124 201 26910 -10355
11782 -14335 -11959 -20366
-28980 21904 7323 -28626
-1057 23818 -8489 9139
2857 -4567 13241 4196
1358 5931 5512 5506
16239 11395 6117 -28205
13824 -13913 -31524 -4862
25110 -27259 25305 -481
9583 -22682 -8105 11050
-9693 -31063 -7476 2386
912 -12286 -19929 -28125
28347 -10836 -14671 -5204
-26208 -13173 -4032 -20529
28722 -29695 -4100 -8470
-7796 -8859 29571 -26007
24344 25121 -26068 -4554
-445 -6056 -15738 -24654
14117 19040 2930 32350
-19194 -26386 -27953 13617
31987 -22421 -16919 -19337
-23094 -9180 -10501 -858
20979 452 -31876 -14643
18854 -22884 17616 28713
-9772 26375 -18858 -15848
24171 3853 -1450 7121
21221 27878 -31452 -3168
-17047 9030 -11113 27656
3250 -12626 17452 -9777
-4741 15150 17856 -15212
-3323 -7411 -1020 25578
14798 3445 15536 -22662
-23146 -16090 -31103 5153
6636 -18255 -26633 -2017
-7759 -1067 6769 16755
-32185 27681 -18972 -18757
-5265 -11694 -7931 9558
24896 -18815 29344 -21081
19770 -15572 -32043 -20418
5077 3335 -32172 -20305
-12769 19351 18059 -2284
2996 -26447 6702 4100
-20914 -29205 24117 -28529
-26470 -8500 10506 6755
2443 -15924 27879 30991
22688 26474 -24776 32427
-3160 18232 25805 20030
-31350 -9027 -13523 -21404
27127 14371 -21999 -6958
-2182 -29104 -4923 -18402
31932 -6768 29923 -22762
-12919 -31735 14443 32174
-10258 -21850 -13067 -26249
25202 -5273 -18131 -10560
-6573 -16956 2077 31983
-9419 -28038 -8261 -833
18206 -21753 510 -19412
12214 -27207 31574 -16558
-31464 26402 12178 -6042
1487 25428 9213 -26840
-1975 11324 -14645 -13537
-10500 19 26861 -22115
17066 -26914 -9729 2206
-14466 -7054 7841 17435
32121 28827 20297 24697
21372 -28990 -21274 -7156
-27045 -16042 -14161 12475
1698 12088 -16903 -2789
29577 -12628 17709 15886
20520 24465 25564 -19353
20200 1964 24773 8773
-3896 -24711 -4596 -8056
8994 -1429 27629 -7190
19416 8285 -6983 19231
-3351 3090 9832 32717
-4031 -6833 -29272 -31001
27255 -22666 -21965 -1821
-17730 -25382 14456 -5779
-24848 -24367 -5557 11046
24756 23911 -24815 25612
4043 8328 15167 26277
29496 2695 -2174 -22413
-8890 -2839 -27908 -29221
26605 19346 -17557 -19251
-11914 -6335 -196 8514
17376 -26968 24022 -29402
3900 15665 12305 -9035
-25503 -18577 -22164 -29644
-1727 -14130 -24085 -1864
29840 -17748 -23003 -17364
22860 -12615 30311 -25288
27569 -15673 -9145 -30886
9531 -21002 -13914 24775
1616 -26798 28407 18905
-26124 12282 11709 4545
-18444 -26447 -11794 -12488
11935 -10149 18084 -10610
-26886 -26311 -32600 2210
-17802 14189 -4039 -31768
27396 29351 -25432 16618
-17741 -26751 -698 -13706
-18385 -22170 -13678 12329
26531 22287 -1124 5830
30778 9823 -13159 5400
24206 -4337 10229 -9014
-22307 -18595 20287 -9277
31794 13929 24821 16600
-27960 15446 20950 -21687
-20115 8947 -21972 13484
21608 12216 -26766 -69
23202 17126 -22138 -16817
-1312 -10250 -22315 23222
-2863 -23190 10256 29119
27809 -25343 27253 -26520
16464 -31786 -21641 -11338
-11698 13047 17938 -6524
-24160 -27155 -21537 28276
-27396 18305 2243 -16731
12668 -31191 11493 19489
27365 -21607 -28542 31854
-962 -14047 -19114 -18758
-27757 12412 14419 -27537
-18350 15017 11251 -3575
15112 -22263 32417 -24779
8108 1207 31488 -9120
17513 -3620 -9141 -3486
25143 -20766 -8189 -17476
15988 2381 -696 -2234
-5005 -27490 15954 -22831
-17249 -28519 -21361 17829
1605 -28748 16508 28226
-8693 -31784 -17895 -12282
-5819 -24122 -23063 -10236
6137 746 -21604 9046
20696 20602 28295 28529
-23393 -19043 30586 -18959
27878 28822 12763 -26127
12996 -3910 -7892 -4692
17327 -16002 -4179 28513
-13600 -22785 -3204 13008
-18347 20796 17574 21596
28942 25557 -18829 -5269
6821 16287 24201 -12701
-31159 24508 6924 9087
27117 10888 -30792 25545
9955 -24147 15735 18217
-8421 -12511 21689 -21144
-11358 -5159 -17843 27745
-17197 16715 24746 15072
-27365 2174 -31938 -29050
-7279 21933 -28304 5391
-24818 -8438 -16953 14935
30540 -8610 -17574 -11361
31945 -7511 13615 -14005
4143 1638 20420 -7312
-2643 -11717 17933 2879
16046 -19128 -30630 -19113
29394 15269 19974 890
-28680 29851 -30765 -21689
2809 9988 -9605 -30852
-25417 -30653 2631 12752
27656 -28424 16846 8601
26217 31522 23886 6416
10498 -10796 -11077 -26935
-21441 -22603 -30405 -11855
3077 -21385 -7558 -31919
-26424 2401 -8937 2264
31810 -3430 -6979 -25278
16764 28045 -25466 -20547
-24032 9264 -28697 31183
15237 12945 31992 8144
1851 -18080 -4225 1274
15409 6006 10088 30702
21236 21850 32590 -26939
11807 -29040 -6730 -2351
-14755 28618 944 -9341
15131 -10195 -31760 11083
-24599 -2403 -29256 9876
1515 -15875 24501 -26899
30824 618 -19582 -7370
-24320 -12397 -31562 -28431
-31296 7713 19975 -14920
-17763 11713 25207 -18587
25542 -6753 16010 -29458
19883 -15784 7829 -22652
-18266 26119 5622 -13003
22494 31085 -29122 22293
-24102 -1066 27993 11693
18278 18450 -30322 19400
-26307 23493 6710 24382
12897 -25400 -3258 -31251
9466 24256 10368 -4698
-22170 11760 -32435 21028
5642 -1568 -13197 17560
-1098 -1972 -24256 29659
32202 -32213 -15704 17270
6890 8939 -797 7955
-9251 17029 -31524 21901
17568 10974 15888 -625
28324 12314 4808 1473
-27875 -10017 31913 -28784
12725 -15496 9561 16523
9449 1084 -22372 -7984
10176 10494 13780 27182
7639 -12004 -17535 -18691
-21958 15170 -13728 18535
8776 -20031 -27840 26700
-21849 4588 25787 -29334
-6576 -31369 -12994 -9472
21448 -11136 27437 -4343
-3911 14509 10320 11867
-21611 18062 20408 -12421
-15141 25099 16388 31742
-14209 12730 5607 20551
-23135 28995 2767 -9328
4631 -557 -10966 2674
-12438 -23794 4956 -29659
11603 4836 3109 -6140
-19242 13869 -7970 31666
-3293 -31003 -9300 32480
27665 32064 3411 26981
3312 -3889 -12806 13126
-22779 334 7649 5433
24280 -29732 -12993 14032
18519 3957 -32437 -24881
21937 -18559 -15974 -27559
-210 2205 -25245 -12516
-19494 31540 -19126 -10466
-6683 -14674 20256 -10689
-22894 31078 -31138 2640
-2665 -32174 -27454 25130
15320 -7812 6940 -7470
5291 -14844 2252 -27515
20279 -8439 -10195 28861
16183 -17991 8345 30375
7815 -31774 -8450 13291
-13749 17799 -9446 -15280
-15582 -17997 -4708 -12980
-16307 -4417 -26587 16049
29337 -29621 -27519 -21686
-25883 -12081 -32113 -9143
-25729 -30811 32487 -5584
13004 -3948 -7080 21398
2799 89 7164 24337
924 -13519 3194 -31501
26281 -11091 2187 21899
-19312 10094 3225 22399
18826 15064 -6624 -6066
17824 32119 13372 -8855
-15131 30847 13298 5689
18110 17313 18967 4425
17345 -32175 25847 18059
-14136 -6657 -13803 -30315
-4514 -2303 5286 24817
-19568 -9348 9679 31746
-23928 -10512 29420 -24323
3457 -13987 -6389 -8998
27447 18172 -7507 11648
28541 12963 2087 31558
-11710 -26670 28069 31464
29600 10556 28067 -14605
21177 14063 18809 8478
19844 3498 -23070 12002
-19836 14670 -1849 4124
5501 22672 -27572 -641
-10518 13206 7129 -10792
-12697 -12379 8233 31450
-16647 23989 -8801 4375
17456 -25410 12331 29983
-889 -469 -26222 -22146
-15571 -14815 -32454 -4828
-361 2202 -388 20678
-12122 30321 -2426 11632
-27832 30458 -4500 30018
32684 8335 32353 -5579
-12626 10456 28830 -6659
3323 -12297 22616 4461
-9835 -6790 9506 -28191
-25178 -490 3169 -6954
-1372 -17951 5211 8488
17921 32219 19171 21352
-15083 -7169 -10219 633
10665 5361 3809 29334
7018 -13263 27261 14510
20524 -17172 21221 -5392
-11238 -23166 -30439 14754
2661 29210 30126 -9478
29383 20684 -32160 -18585
-11451 -26305 9386 -18233
12298 -32283 8138 4157
21541 15751 -27472 14341
25853 -28685 -1365 -24247
-9486 -31480 -32074 6533
4111 -1265 21536 -2002
28773 1956 2880 12275
-31129 -11413 -17258 5461
-10552 25368 -5929 -5685
-23963 -31949 32758 17880
11677 21599 -8363 15682
22053 7992 24801 22233
-27030 26371 -30636 -16114
21586 10304 -32422 -26601
-15125 22848 -23543 23253
-3198 -21874 -1532 -3287
-22507 21819 23736 -30703
14063 -8200 -30388 28515
-15531 -30551 23876 10622
-4605 7850 32673 -2767
16446 -212 24246 -582
30046 -16983 -26561 -24144
2817 -24384 -7861 -13445
-16830 -5020 28160 17333
23169 20579 32113 14331
22770 32657 -31223 23738
19431 -8146 13328 -29785
-11725 10982 27340 -11023
26852 1950 31396 -19868
-5455 16006 -7364 31328
-10461 -26203 1994 -10811
31921 -10965 12048 -30174
-8442 5705 -16669 -8320
-19927 20999 32017 -27193
-17010 -20891 -1357 -6930
23272 22847 -21337 -1046
16780 -7077 -663 30736
-16122 -26361 -6161 -24507
24775 16101 17720 -9201
13741 18519 19167 31411
-20888 -11398 25232 12651
17765 -4454 -8004 8482
2229 1981 28692 -11827
-12197 1081 -616 15576
-15416 5758 -24064 20031
9282 3427 -29747 -19689
-30304 -11592 -4270 -7452
17069 -209 -21962 -18916
9279 23920 -296 5305
-10452 -23502 -14210 -6576
30406 25529 19055 20962
8132 -30099 25712 -9822
-14635 31433 7645 6368
26227 -14607 -1157 19869
-7333 129 -11146 151
15405 -21504 13227 -4824
23447 -31989 -4400 -21637
-15433 -127 -11072 -30968
-8177 30977 -25687 -16013
11228 -9842 30660 5024
246 17754 29912 31711
31693 -24265 -8671 30225
-8095 24672 30998 -18393
-20358 -23617 -19321 -4235
27671 -24368 -1463 -31068
25394 -676 -25338 -7328
4405 -30081 -32760 9204
24591 -16780 -15240 -21506
-16652 25784 17776 -1773
-11016 911 -18676 -12057
-1165 29012 7869 -23638
-19847 9298 -26208 5430
-6939 16509 28652 -27786
2879 2773 -5972 26897
-9045 4462 -10654 22373
-10871 -10671 -4257 27022
31408 -26293 -1626 -5042
28605 -8531 23196 -15946
-11417 -3113 -3919 -27331
24087 17551 336 -27346
7381 -31036 -25004 1465
-13678 26069 7692 24212
-13016 1963 -15471 -25698
-29257 10935 11183 -13474
15067 26550 -1121 -25700
-17129 11803 4702 26477
31357 -15578 439 16825
-22323 20700 -11293 1686
-24390 20173 -6510 7558
15087 15800 4928 -30797
8519 8132 -21525 -29978
-5925 -21558 4782 24955
-6764 -2271 21807 -16444
-25581 6048 13228 1096
25631 -11450 -23543 -6667
23153 28700 4510 -18849
13031 22996 -23944 -16716
15398 -12967 -10511 15880
-27397 -32035 -19272 -18909
-16662 -6314 30761 -12302
29460 32757 -17509 -4725
-24925 24711 10043 1742
-1393 25415 21039 -22282
-24730 9767 21230 29107
-25699 -15573 28606 -2964
4759 -20903 -3309 8197
-4989 -30698 -28254 8411
-10362 24834 -4318 5364
-29783 -6996 -1973 9344
-13190 -30368 5015 15195
-25904 -5380 27132 10865
20173 14150 -15510 14008
6653 15491 20083 -13484
-11076 7760 -9845 2527
27771 -26363 14024 12232
31641 1828 7600 -26752
902 20810 19593 -14264
-19775 17421 -24953 17395
-8280 4173 6026 -18894
-23714 -19930 -18510 9895
-14744 -10046 16278 7793
30721 -8925 -22814 -27234
26630 14424 -5687 -3948
-974 14494 -2868 -12144
-1619 14063 -13151 24006
-5981 -14570 -30634 -30498
-17067 25576 -7732 19377
-12515 -18916 -5701 22043
-3266 -14960 -14136 9897
-23506 31600 -27204 1438
-32401 -4839 -24890 12791
8481 17572 -18584 -10058
22573 -14140 -27747 -8231
-1741 21559 27468 -28260
-19127 23571 -6054 24443
-13747 -32684 11788 -31114
-4732 9890 26531 -9422
5052 3130 -18032 13694
7014 25254 7795 -22136
4331 14104 -30805 8694
20378 -2717 -8588 -8676
-18906 -11395 -2655 30001
19527 14677 14505 -8749
-11252 10166 -18770 20079
-3411 6064 23034 28817
-23752 -8710 -13151 18002
9439 -17217 -8889 -19715
-24441 -9747 6909 -9851
-18958 -7632 14383 -14929
29035 -3388 -31802 5874
3229 -25938 12711 -10836
-22137 31900 -7061 -11670
31838 21169 -14697 1007
20624 -29257 -22724 -16296
15040 30778 23623 -32504
31329 10599 20497 -23371
28874 3320 32322 -12721
25962 17900 -3897 -21014
-16757 11663 -26156 22572
-7844 -19251 -30749 -2181
31133 -32208 5456 -5455
3232 13731 229 -15368
-21493 23914 19100 -22266
17054 3846 1892 28149
-19514 -17712 -4452 -25290
19119 -29657 -2957 11318
-5493 2794 -31942 8330
4875 23722 26356 -459
1087 -10274 -26061 9550
-24090 12748 -32224 7947
-11856 18283 -15621 -27828
-18873 -31515 29837 17264
-17044 812 3682 -374
28290 -13833 31919 -5094
18599 -5106 6159 -184
24571 20967 -9921 -32146
25123 4981 -934 -17845
11726 28595 18568 -38
16575 -22153 -6757 25507
26078 -15925 -9653 -26416
11220 22218 -3901 9375
17753 -19128 -31058 14570
19512 18248 15299 -197
14883 31424 -2487 19032
-22335 10202 32447 -7386
21360 -8203 24375 -28041
-3758 -5456 -14609 20192
-3193 16807 11380 -29976
11939 -15592 13251 23383
10043 -2952 10130 23300
26842 -22933 -7420 -31719
-29208 31043 -15756 -16215
18410 7269 15239 27620
-6278 -4938 -17880 18799
-16165 -13406 -30549 29830
-13510 1286 -31299 -14562
28766 -28974 -31683 28251
8424 -9800 -3057 -22321
22494 -12244 6212 26799
11066 23656 -4261 -25128
4392 -13357 14675 -5023
-3149 -654 351 -18667
15459 -3133 22517 25463
-8205 2747 6189 12305
5828 27016 -1078 1765
7706 9984 -19697 -6591
32054 161 17038 -12469
-12234 -28069 -20796 -16088
-22522 21833 -7047 27758
-6919 31005 -20440 -13149
4097 4915 25704 -7067
-24348 18709 -29305 -19684
22143 -16721 17152 11841
-7722 26264 -12659 -29894
17133 3519 -25360 11203
24239 31586 23354 -13570
-15545 20573 -2006 -9739
-24726 22709 1901 -26809
12128 16260 -11832 -16260
-19028 25567 7724 23205
-27484 17770 9502 22972
-32238 -22504 15155 -25004
11160 -5171 -15242 -5413
1227 23668 24001 -12777
5929 -21313 6532 -6551
29823 -18685 -2984 7963
-27859 14910 -14886 -30374
-30913 -30164 -10918 -3393
-15727 -20401 -3451 28449
-23166 32123 -552 23258
-10511 1027 -17914 389
29739 -31680 -24922 -291
-4497 -11275 31481 19876
-18950 18685 15742 -19396
-29207 -13044 -14179 24414
25783 -27863 -6515 26727
6485 -18630 -25720 6491
-10468 15583 6366 13541
31741 10878 -17570 -15929
627 -11254 22179 -5079
28207 617 -15760 -10978
15011 -31704 14243 27557
15001 -10492 -9390 -10349
3443 -30616 5865 13979
-29581 24851 24804 29116
18724 8128 -28293 18872
9862 10612 23724 24301
-10373 18935 16516 12820
31025 -19111 17815 17665
-28245 -19768 2668 5583
30486 -10340 -4109 5775
-11683 -3414 4555 21068
-30901 -5789 24059 -30216
7246 -8032 -32297 27360
22015 -12369 -32172 -19691
-10926 -30126 12439 18666
-11831 17482 20977 -24359
-26905 -9402 7882 6569
316 -12351 4766 -5675
-3143 -12572 11843 -13310
19683 -26723 -10289 -6770
-29817 5798 -18960 -12392
14270 26944 16678 31795
24250 -9784 13864 -30754
22550 19266 -5297 -4029
-25135 3458 -7193 10736
25175 -25719 -10162 23227
-15007 28380 -16511 -23180
19468 4744 32026 -4007
-29249 10372 -6424 -6278
-27684 23446 -8837 -29596
-15587 -5826 -8302 -2394
28550 -27870 29301 23458
12856 -22630 7973 -9088
8394 28249 31731 -4578
-9543 2699 -19562 11222
-30462 13232 28795 23918
31330 8117 -26643 -31935
26944 5948 24760 8129
12313 -20172 -13663 988
-8095 17962 -19085 27362
20687 -30986 1547 17719
-23893 -4431 15314 -9128
17983 -23167 -30748 15364
27857 -13777 -8531 29631
-3998 -124 -24174 15043
-7469 -5160 -29961 15063
-10405 20687 29840 -10858
-6186 -1238 24570 14944
-16394 20553 30923 -336
-11501 -18887 3102 -30125
-16655 25283 -3257 -19027
20458 16415 2692 24545
-29142 26682 -13169 14048
838 20397 20655 -11436
21219 -13462 10328 1716
-14171 4862 20454 19084
-30341 -30495 -22674 -31461
703 12811 24045 22963
376 -16156 -13537 2177
-13546 21648 -6099 -16894
13681 7164 -19365 -19615
-20527 -23745 -28871 6457
6523 -19514 7793 -26986
-26859 -12451 -26295 -20063
-31409 -2165 11074 22156
18313 -30146 -6053 -22235
7782 -271 19437 -32554
-29602 -1702 21271 -29287
-1248 22005 -10519 -30085
-6099 23580 -15797 20361
-23832 31144 -28010 -839
-791 32489 8476 -13565
-27721 23055 -5474 2743
-25037 -1521 30833 -22916
-26599 24070 13639 19937
11968 -3929 -1346 -25673
-23489 1691 19418 4102
-17354 -30924 2270 8987
8556 -10610 905 -10504
-30681 -20591 1868 -15272
32290 17918 -18441 -2896
-9211 17168 14167 -12140
23621 -30140 7199 9798
-11997 5775 -11145 8171
1099 -24654 -15209 5261
4571 16654 -15155 26823
19691 23616 -12075 -16809
31628 27815 -3162 8453
24494 21851 23230 25488
23395 -9920 -20682 27602
28719 1885 -12727 -14012
29635 -3507 -16298 7717
-30571 32608 13426 -7554
-21596 -1185 27400 13582
-11183 -29503 32348 5973
-12859 -11238 -29856 -1577
9370 12608 26421 -15913
-1877 -23356 23727 4717
14705 -2686 -25690 28700
-5528 -22280 4871 23843
22917 -17589 -25174 -11119
23925 7633 22234 -14909
29412 32340 20785 22683
-8285 32016 -24071 138
2066 1120 -11785 11334
-10235 -17616 27454 -10370
-14387 14656 26100 -17529
-19534 -10761 -10972 -10762
10372 28904 -4101 31261
-15858 -11395 1800 -1335
16176 -8994 -21600 -30088
-16527 -9978 15486 24746
-23098 20813 -19165 -31192
-8680 -20903 -10914 18180
6119 16897 21571 10946
652 14776 29453 -24947
-11790 -20844 -18424 -3090
-21204 28635 -5666 -3698
24015 2806 22135 23555
1896 1001 23377 31106
-12304 -9246 30181 -10556
-9365 2215 -18848 -2079
30377 -14053 16119 -31509
-10854 5013 5935 10272
-25631 -6966 -13476 4683
32268 13957 -365 -6107
22594 -6835 -22189 -961
3831 -5831 23589 -30783
12820 31092 -1286 -25653
-20868 13167 11043 18242
7439 -4271 -22598 11995
31587 -20175 19526 -21277
-31204 14595 -24098 -2741
24235 -32565 -17238 -4374
6135 -2205 -31430 -13111
-16743 24880 -749 -29131
-22644 14324 -7008 -21105
-18355 -16318 24793 16274
8027 9687 -20363 13978
12251 20103 -32644 -14618
-3945 -16521 -21651 28978
-10262 4357 4821 -18538
17750 12728 -30691 31744
-5358 -15228 20186 -27887
-3280 10295 24933 -28587
-5929 -6460 -1234 -31537
11646 15895 4162 -32141
29140 -2281 -23941 638
-23028 5751 -15358 9088
22966 367 22471 21349
5481 12160 3693 -25100
20250 18975 28405 -8413
-14243 8700 27389 30635
2464 27923 -8594 32192
-14429 1532 24401 15787
-11199 14142 -7349 25251
21396 -2361 -25016 -21571
3139 2161 -1659 32220
22973 1257 8025 -27999
20291 -28757 -12894 -16009
-7186 15851 21900 -9859
22386 -30192 -30308 4419
17025 -2924 -28456 16954
9971 -11629 -12162 11930
11399 9162 -30677 9758
-29009 -31332 15492 -6453
15023 26591 -25821 -24081
-397 -22904 26991 -11976
-28423 -16943 -28665 -22989
-18238 24548 -18674 -8354
3813 -10356 -13604 31276
24425 18035 29853 -30348
23623 26957 17315 -7909
22153 5891 -1198 -15252
31954 -26199 -175 -26392
-2200 -21690 3818 -7889
-25600 7629 26360 -8583
-17593 10342 21303 26728
30515 -4193 12343 -14293
9944 -26382 -7116 -5403
-14837 10492 -13136 10333
20655 26156 -28459 -1352
26666 -29868 828 -22433
10883 -3777 10074 -30420
-12404 5038 -3667 -23
-23547 -3825 -32489 8586
4421 22200 -29540 9312
21334 -10218 22834 25985
-812 -28041 2683 10073
-14536 -8268 414 -10513
4378 -18793 -14244 -26277
15419 -2305 17911 -19116
-31920 10139 -3860 -17176
13067 18073 -707 -18217
8604 27850 -23626 18422
-2455 26180 -2146 29049
-29332 20558 -30223 -19118
31895 -19351 17261 23052
23628 -24012 265 -15197
9047 6859 -30961 -3101
14636 5598 -14262 17624
-3255 6624 -5627 -24090
10574 -23494 -21820 -19711
-20744 -16645 -27331 -31860
-12983 -22005 24431 29881
1335 20933 -27506 -2249
23149 30235 -17649 11902
11144 31428 23897 18961
-25783 27540 -25084 -26159
-18841 -16872 10666 -8892
-29254 9222 -18866 -1429
365 12778 25779 -21458
24501 -11436 18354 1467
3239 -18270 -17377 11568
2784 27380 32479 6799
11478 18405 6466 -27736
317 1218 10770 -441
29272 10765 -7175 -27847
11059 -30508 -17095 43
5862 -20977 26254 30565
-8143 23258 -32766 11462
27112 -4440 -25843 25831
1529 8218 11305 -27833
22581 -15229 24079 -14108
-29227 -29114 -16278 17233
-6503 -23567 19567 -8224
11066 -11978 -27240 22391
-12992 -24413 32689 18813
-15897 13049 7221 4707
-27680 8051 32027 23334
356 18830 8182 13649
-25269 -5325 15712 30776
16410 5336 -15779 -27609
-9669 -265 -4926 -28518
-17551 -25583 -441 -10190
-23076 6916 27601 -6346
-8524 2145 -30217 -24814
31072 -13947 28540 15959
23205 -27950 -8233 -7776
13846 24359 20584 5820
-27596 24569 -23344 -24260
32403 -26406 -6556 -14005
-7484 -30770 10285 5680
8133 11273 -20773 -32651
-11105 -27405 23065 2591
29040 -21638 -30693 25210
18468 -4207 -12760 -14753
-10814 7354 -29479 5128
588 -16021 -13297 -122
15594 22361 2053 -16316
21178 24817 19833 -12612
22540 24916 -3798 -25776
20086 -22403 7839 13587
4958 2736 -2128 -28096
29962 -26676 -6144 7582
-6890 -18281 -29247 -20944
-20454 -11263 17141 -31688
23478 25230 21931 21878
-6118 15056 -21428 7430
-22553 -19553 19747 6663
13786 22492 13697 -17439
-26240 -1271 -28324 -1501
-9201 -31548 1304 -2786
-7492 -24758 -10569 22069
14377 -4980 -25800 22384
-11554 -9659 -16484 11105
-25878 27756 -20233 20803
-1324 -27764 26620 -22951
-3579 26554 -15278 12700
-1993 -27073 -25651 -15056
23489 -18521 -19901 17612
-8016 8024 5912 17878
-16484 -25634 -32077 5975
26107 -26894 -3504 309
-10147 9470 -30696 20813
13456 -25476 -7175 -23665
15052 -5784 13951 1423
18208 5193 -19654 26958
19502 -30336 32186 13632
3790 28261 -2698 3646
28563 -25707 30854 -11449
5246 8784 -20222 8589
13687 -2883 -9699 -27260
16585 -23911 -25619 -13694
7598 16365 3166 -4764
30875 -5910 19150 28788
-30326 497 -17824 -24748
-11670 -17525 -19678 -26297
4931 14234 -9155 4367
-20406 2596 -14154 -29551
27477 16315 984 7021
-5646 -28751 -23675 25349
-26794 -23169 8258 26157
1732 21413 -7882 9930
-22065 22049 -16832 2420
11388 3094 22864 15480
-28111 -23058 19186 11345
20964 4446 7281 27241
11046 -8244 20983 32620
30935 -8137 -26275 14020
1391 -19733 -9076 -15401
8725 -4170 -23440 4652
13291 27594 21608 -4037
17794 5320 1869 -27776
25180 -22579 4145 -26691
9868 -26677 -11141 16109
-19801 16894 -22275 13794
-26143 -2795 6495 -17376
-11224 -4698 -23970 10308
23637 -20655 6500 14361
24496 -32750 -15959 7096
29383 27651 17120 -22277
-14947 -11768 9003 15596
-28775 9511 25811 2769
24708 6330 7700 18440
-17508 7456 12534 -29096
2016 -26560 -9768 27086
-25371 -178 25460 -16143
25988 3366 8986 -31805
27560 30287 21672 -18560
14973 -21724 -21152 -30217
16768 29840 13294 -1859
32414 -5294 -12854 -27291
17219 21191 4315 -3710
28298 -12278 -13895 2464
-28817 28975 -20352 27083
-10533 -21168 14233 23639
-25855 -12390 -4380 31152
31763 -2129 -4980 -32413
11138 4230 20137 8123
-9646 19054 -15906 3407
-5293 16791 27805 19411
-8346 -31032 13712 -2950
-6702 -21994 -30751 -31946
-4893 -27438 337 -26977
12872 17977 28881 -17368
25190 -11980 10801 -30886
8084 -6171 -8970 6919
-27035 -24575 -24676 -23775
9982 -14796 -32331 20212
8843 10515 16151 7544
-23595 -25752 3437 11167
-27756 -24896 -13071 -18896
16219 -15924 -522 17178
-21597 -13262 -10771 22386
-24623 -9587 -23506 -29687
16645 17175 -2961 31028
-20281 -22916 12812 -23855
6860 3532 14233 12921
22034 16744 13910 -5860
461 -5740 -24084 -13846
-1298 -6438 -1648 19877
31887 -4632 -13710 -6600
6842 -23786 21162 3141
7474 7467 -28586 -15827
20809 -5176 27779 -27187
-19692 -14405 3857 -23849
-25982 8746 29828 24606
30298 -29423 -22944 -2146
-31470 32376 16162 20732
-1664 25340 -13265 4104
2413 31500 32278 -15496
-31837 26752 27248 1776
-21010 19127 5014 -27130
15839 8663 15532 -29490
-25845 18034 30411 -17103
5642 -14484 -20728 18432
-13957 -22272 -540 -27096
27651 -20231 -445 15049
-20615 27379 -31306 3996
-23135 29382 -16054 7703
1839 -10211 -9838 -23571
-13285 31290 27829 -20791
-30441 -14987 -10183 -18291
-1634 -15778 -12354 1958
5583 -8384 -11079 5635
-26036 -26318 -15735 13902
15543 1513 -13947 -16592
-28692 -8333 -29779 -4319
-13792 -21208 17053 9635
5872 -11154 8262 -2726
3669 -5480 -30547 703
-24015 23921 -17373 -5763
-11778 22847 31345 -9911
-26656 -12794 -12810 28419
3601 1685 22931 -1588
-3448 6488 23462 -17703
14574 -2599 -30090 24106
2289 31151 -26572 21643
6543 -2280 32019 -20099
-471 28323 28632 -31397
-2668 10389 13324 2561
12722 -30476 7010 -18424
31748 18869 -4647 -27776
-5807 15575 7842 29688
21917 10017 -22098 -2183
-20029 -11395 20071 17827
16022 16306 3876 27124
-519 3898 -32403 -23800
8687 2801 928 20718
7074 -26829 -2229 20867
-8946 3254 32676 -24214
13529 5639 9883 27003
-18375 1415 -29704 -5121
-30198 -30017 -13195 -6889
17773 8889 22225 -15930
-25120 -23646 -1659 -6209
-29304 31841 21661 -13974
-23014 16894 -20130 7151
-11065 12278 -25615 570
14312 24218 22514 16359
-18822 1746 -17380 -29931
20339 25864 -31316 -24691
2036 8141 -29291 79
13326 32451 20276 14367
6771 26139 -16890 -28332
28893 3562 5735 16138
26202 13632 30601 -30441
13274 -8865 13766 -22135
-28198 29155 -28049 -28673
21409 15111 -31994 21685
25800 -22889 -15839 -20646
-6102 30404 8543 21331
26376 32721 -27388 20139
-194 31307 30198 -4420
26927 27627 32216 -10294
23542 608 18028 9403
-3006 31027 -18695 -17414
31746 27362 -12273 14265
-24030 -16685 -16299 7363
-5334 -27437 10003 -30087
7635 -6000 4613 -23081
10609 14725 -17105 -17804
24308 18995 20306 -11060
17443 -21850 -11926 27043
12696 7675 29266 28177
-22432 -20822 -12862 -10032
25367 26139 27571 -27842
-12178 -10245 -1875 -22035
-15020 25657 -17635 23187
1982 10175 13254 -3356
-27114 -1878 24030 19898
-11407 -27642 24700 -25020
21953 -31301 7541 -31287
-25929 1209 30290 27776
15226 -18819 -2691 4873
15514 -11962 -5657 -28608
20710 21853 -5342 -7237
-17018 -10670 -11161 675
-16609 -30536 -13634 11348
-4636 -3636 -29665 -27414
26849 12286 820 30295
-31309 -11913 7765 29178
23888 19142 -1823 -7737
-29758 -26095 -17737 2851
3665 -12853 6338 -28732
-8076 17858 26308 -8801
-8493 4225 3552 -18067
3872 -26854 -30354 4316
-14078 20967 -18528 25215
-32330 -25202 -26873 12807
-22495 -5688 8682 26489
-3988 17791 -13074 18202
27197 31629 -30857 12927
-10837 16414 -10439 18429
-29924 28911 -12827 31891
-31905 -6361 9740 19118
11644 -30165 -18481 -17473
7544 -31099 -3496 -2866
-2257 7643 -29590 17931
-21589 12562 13467 11853
-17044 -15250 1834 1042
26103 -18139 -2355 -28183
28481 -19974 -4618 26516
-7550 -8401 8162 14353
-9490 5896 30546 2292
-10770 10549 12840 -5887
9059 -20451 -25656 23978
12826 1056 999 27599
-6688 -17112 -20343 2524
-30988 31906 24458 17581
19067 -23158 -12791 592
11800 15479 -30616 -29720
-16152 -22966 23241 4110
-28991 -3889 21876 -23396
31471 32176 2747 -5097
-2437 -12366 -27011 -7618
7718 32042 -19549 12173
-19753 32191 -8909 -3769
15885 15324 -4088 -10519
22885 15195 -3741 -4673
-14563 23958 4756 -4821
-28521 -1342 16519 1136
-24675 1202 12097 6424
17195 2328 23983 -16740
27729 -8689 -20538 1512
10349 22923 13712 27053
6620 -8289 3926 13641
973 13997 7293 -2267
24849 -22878 -6397 -14180
31659 7305 -10717 -9041
-7590 -22485 27417 13531
28379 18890 -10792 -16985
25191 -11058 -20658 19858
28355 -13319 -18571 22379
17246 -29119 24690 -23138
7424 15836 27764 3602
4275 10508 24850 1553
15485 24778 -2179 25732
7505 -9884 25165 1320
7276 -28520 23152 16901
1066 25572 -1348 -19504
5447 -22000 12318 -16305
-20281 32126 26864 -9081
-21234 -4992 28956 -30860
-13403 26557 -4210 -9147
-15197 28439 14703 -15667
-1614 -22963 -12376 -31853
2859 -215 -19085 -8179
20982 27107 8805 4947
20078 -32042 15281 572
-27894 3176 14205 29018
5081 -4168 -18134 -5808
19901 -12287 30067 26549
-28247 -27805 6003 -18727
-8141 -29326 -2971 6086
-10126 27945 15940 -5314
19597 17744 -22770 -27726
8461 8062 -16389 -19899
5341 31524 -6499 -2336
-23298 23315 5545 -19457
1319 3853 -15731 -20052
-5009 6050 21122 14202
27495 -2581 19663 6767
22350 -31070 27166 -3652
22446 20737 -17633 -13944
1546 20091 -32462 -24661
26284 -6705 -27442 5984
-22004 2170 -7306 -3668
12611 4827 -24600 2743
3253 17173 -13566 21229
-21205 -13482 -12160 -26868
30697 22915 478 -19059
10283 -18975 -21771 8883
-16918 -15715 23933 -9874
7460 3804 22999 3392
7635 -4251 7005 -27350
7779 -11343 11263 4091
-14442 13963 22757 -15950
-652 16299 9596 18561
29270 18409 -17930 30610
-1252 5165 -24731 11519
17275 -23575 -15841 -23554
27452 -11078 -26966 -16769
31203 -7973 27578 -13057
-27403 -25440 -1558 -28165
-18985 697 -11087 17379
-5454 -30723 5193 12223
21750 31440 -30830 -25988
-1137 11873 26817 12467
29971 -19705 -27976 23562
-1594 -21963 -10300 -14043
17963 -9348 -22813 15441
-7730 21009 25944 -21378
25543 -15509 -11890 -20201
16828 -5703 -30124 26379
7762 -11478 -24344 -3412
11577 -13354 -28446 85
2406 31550 -21379 47
9456 -27518 11236 10852
-217 -144 17216 -24328
-21578 -27942 3588 5407
-20991 -27334 7997 29348
-30143 -21776 21604 6266
-31864 1765 9220 237
18181 10512 -15972 661
-31431 -4364 27183 29874
12760 -11668 1590 6237
-13955 -12651 30034 -2728
-21184 22526 -16304 -11508
-16707 31210 13753 -18055
-27609 22723 -22050 -26219
-31374 -30789 -24981 19802
30696 261 7090 -32741
-1018 4990 1615 -1736
-13109 -21789 16660 13528
-20442 -10483 -28358 -30882
20096 -3840 -13100 -19304
-18467 -26867 8737 -16281
-19327 -30214 -5898 15253
15074 10818 -19789 14566
-15834 -6375 1135 -10853
27245 14533 -29109 -5168
-3247 -21760 2262 -11828
25365 -27079 -5046 14115
-24959 23585 -13611 -13487
11202 765 -18019 -23142
-4029 -22988 7898 20938
-19273 5605 -20563 -22074
-1461 24496 9108 -32231
1375 -3564 -1064 15658
-19426 29323 -25548 13600
7171 -16923 25766 23651
14358 22144 4290 -2991
13619 -28312 14990 5107
-21255 10960 -19610 13694
4894 21133 26894 27478
18426 -19675 12217 4087
-2473 -5567 -4115 -19325
-1371 -8830 -15776 30852
-11720 -3952 804 -15967
25245 18938 -22104 -25706
-5076 -29954 -31020 23737
-18367 -12625 30073 29559
-25979 7531 -23331 13582
-11908 12565 -10262 15314
7309 25666 -9653 14451
15546 16731 -21021 20569
9626 -4598 19587 -20327
9766 -17378 15325 -2501
3999 -28999 6162 21595
18930 -5789 -7270 12103
-23581 -10110 5905 31908
-4239 -1230 4500 26096
-32435 12544 419 -8077
-840 32576 27710 -20666
8864 21734 19084 -1841
-3520 -498 -22383 16106
-25612 -2584 23439 -23698
-7503 -2925 3148 15212
-2881 1449 -11683 -838
-19837 -24880 21036 941
-15734 7062 31585 -24086
17014 -22070 -8249 -29950
-12699 -19784 -30143 -18911
-29702 -5858 -15007 27926
10027 3468 12598 12835
11 11820 -3274 20635
-18974 14734 -3346 -13892
-2768 -19814 7473 20966
-20711 5396 -15334 -26171
5675 27570 28262 -3799
-32608 -32021 -6011 -4226
-28513 -20711 -28503 17968
949 -36 -22710 -13305
-27293 -559 -2567 15083
-5528 -3788 -22632 10604
-21387 -12477 15043 27723
-711 -6902 1576 -2838
31053 27347 -25468 628
14581 -18096 -20251 -13298
18701 -30873 14024 17938
32616 -25130 -4795 32420
1517 -23927 11230 8860
-9567 -2726 27811 -15656
-2033 -19234 4700 -10618
17803 -2747 -19043 -15834
29535 28452 -26576 -3552
17845 15182 20927 11783
-24917 -21430 -2748 -24162
-6151 2191 32189 -27574
30180 -17483 -17076 -7489
31158 26895 -9310 -25592
14895 -13942 -28514 -24802
-15966 -18494 14817 -12872
-32073 4725 -30507 -503
2854 27038 -642 -25019
-3644 -21963 -32376 4640
1556 18282 26426 -11291
-3003 17544 -24681 -19320
-9583 11979 29978 5874
274 27366 -273 2921
-25249 -16661 -5744 -8764
-25822 -3715 5895 -5770
-14096 30768 28161 27762
-22242 -8649 -2528 9405
21469 -5272 -8934 -9247
-1505 -15417 -16092 5065
-22427 16091 -19377 -9134
26618 29523 -17735 12141
-3421 24904 24555 29121
-18819 -31885 -12513 -29555
4225 24336 -8546 24509
-23845 29247 -14119 18024
5921 5058 -26526 30496
-14753 15973 23880 -4882
28098 7725 -28994 -20102
29141 19164 -3427 5706
20120 -11878 14584 -32635
22547 31010 -2764 -24834
-17565 -1761 -7612 9682
24553 16192 -30337 18655
-18461 85 -31959 29716
-32679 -24683 21333 -14847
-2070 12371 30124 11937
13161 27444 -2896 10922
5875 -27630 27741 10892
-7585 29317 9057 31991
3225 32723 -5461 9671
-31292 -11555 -28217 -4871
-24591 19666 24848 -25975
-5674 -22821 -28360 24936
16555 -29179 -9264 -20643
12445 5277 30809 -9846
-6191 16028 3350 -8216
29705 2462 -25856 15716
24698 20810 -27811 -17677
-6227 -22379 -29111 -28772
-28752 29898 -28162 19072
-9335 -18577 1491 -6013
-18915 1829 -5494 -19412
-20145 -6548 15050 -5666
16418 -5813 24936 21461
19089 -30961 -262 15295
-11375 6664 1657 -14812
-11980 18199 -24703 23861
-19383 24715 -21122 16210
-26855 12319 2604 -4281
22243 -20951 4787 -12074
32290 3069 -30790 -2912
-30646 -13959 14963 21576
-17947 28695 -10427 -6278
1306 20785 -17979 -15431
23779 -10515 -10339 32402
-21396 10124 -7049 31121
-3663 15025 16325 65
-32575 21801 -1493 27277
28562 28510 -31397 -7700
-28106 -28408 25083 11127
8015 7410 -27226 -32612
-11364 -13366 29940 -15163
22225 4238 25007 25362
7820 -18552 -12764 32660
-20949 -13920 30240 -16963
6866 -12758 -9461 -10746
12306 -32570 -1769 16837
5200 -9501 -7183 -9269
6344 9575 12474 19558
20116 -2768 -1007 17193
31960 -9147 -19924 -18949
28281 27538 7015 10362
18514 32142 15160 28280
31288 -2843 -17928 30491
-28237 -26978 -12067 30077
-6401 -29189 10347 30074
-13072 11270 19654 -20868
-21124 -22493 -24657 -20979
-10102 -22754 28059 -5894
29471 15399 2235 24986
-29403 -29528 -18679 -3412
-26698 -25035 16632 -4000
25783 -19061 27053 -28062
-11931 3724 72 -642
18650 8134 14923 12627
27226 -27769 3093 4655
24562 15587 25272 2519
-1416 -21051 3509 19954
13027 819 -29324 -30226
-18096 8137 -32722 -7266
19996 -5038 784 25733
8856 -1438 -31601 -28745
1383 6209 -13603 23086
-20653 -7853 16297 -18036
-29817 14822 7812 -14622
-7927 26002 5006 -32481
-2021 30705 -21498 12777
-30349 31493 20416 -29151
29297 28381 -30972 19128
-14757 -9391 24632 25339
6198 -26819 10317 13015
22755 -1183 -1110 11683
-10942 -31360 -26284 13438
-21177 31964 -32176 22271
-14010 5144 14 4135
14575 -19453 11502 11667
-6941 18791 32292 -28332
15573 -14898 -21086 5113
4133 -29131 30258 -15483
18872 -21828 -3673 -22371
29283 -30577 4068 28782
-9831 -30274 -31831 -22849
-31164 -23238 -2637 -19222
-28555 -8285 -32681 6383
-261 15067 13956 10797
21052 14612 -17230 -19157
-12677 30591 -21619 23138
18204 21486 21615 29184
-6384 2744 27685 -29343
7687 1831 -245 2283
-7549 -5491 17086 -24895
12704 521 -11120 2771
29162 -32225 14341 16191
9776 -30127 1027 27851
-21472 17301 -12249 6489
-19494 -4695 -30865 15212
-26788 -29579 20221 -3496
-32411 21808 12360 14441
1877 -731 -422 30069
-4431 10818 -19598 -22372
16845 -16421 -28058 -24630
-24519 23949 27728 -19048
-2524 -26058 -11930 32398
25411 -21894 14752 28001
-23527 29184 -18474 -5132
-21732 -28576 26870 25988
-24537 3629 5971 7819
-16584 9253 17500 -23090
30838 -9208 6469 1649
-15584 -14931 -30019 27336
963 16900 8225 163
21781 16169 -28740 27663
-13234 -4515 -26586 29439
-5841 -26700 -26790 31110
-12700 -9064 22334 -25202
17723 -13207 -31938 -8578
6656 7138 -17422 15519
-25975 18547 11412 -30182
-30390 925 3334 23069
-13617 4023 -3904 -13030
25798 -21612 17918 -20016
-10437 -28445 -10894 -24988
8701 11186 11254 -7936
-16437 -30656 9636 13291
15488 -29654 26963 -28917
1958 -13921 -1221 16752
29479 9118 13813 -20174
29683 -4517 28150 -5305
32458 -17917 22413 30781
-19996 -14327 6532 9636
-6915 31355 11484 15459
-9141 6365 -12172 24533
-16643 16938 13144 -6880
5842 -28664 -15007 23662
-23534 -30005 8617 19203
31135 17931 -15328 -13401
25465 -19481 30491 19665
-28663 -8858 -15113 1140
31181 14656 30400 6185
-30001 19994 -10433 -32361
32120 26157 -7037 -20420
-17191 -13975 -814 -22145
-22587 9876 31190 -5937
-4848 21183 -25001 21050
-4663 22751 16576 27554
23774 7590 -3618 -30087
-9267 26340 16316 15177
-30680 12081 16551 -15503
-5911 4985 23196 -22043
-23420 5482 -14706 30362
25311 24670 16686 6134
-24553 21742 -27678 -1472
-25150 -23759 -31006 29346
16633 12810 -17566 300
-5864 13836 -29622 -15129
-1024 -23614 -28883 -13537
-9739 -17459 -7947 -17341
-5031 -23664 -10106 14422
828 27335 -19510 2822
27637 -14013 -20644 17534
-28509 -5131 -16457 10267
-19856 24390 -5334 20448
-3018 -30187 -29714 -1562
28437 23173 -20926 4136
22995 23632 5832 -8284
-12274 28660 1642 -9178
21677 -28069 -29180 -25070
-7789 -28147 29294 -30692
31471 -31763 -17538 -19238
26555 -220 28200 -29651
30901 1264 -15055 28597
19347 -17655 -28012 -29977
-13468 -6269 -22546 -19569
17475 -29904 19383 -13417
-21594 -10888 8494 28430
12639 28212 -26915 -16013
7279 8394 -20568 14845
-22145 -772 -32340 -16927
-23057 29791 16422 -31097
464 22479 -30562 -1662
22474 -25988 -23520 -20794
-9172 -15964 30799 595
10524 -20717 26469 -3545
28544 -4195 -5937 -26162
20499 3073 -25550 -8590
-19518 -629 -5948 7358
-7633 15624 26297 -23990
-12916 15332 -11262 27730
24329 -15814 -13796 -7347
22998 -7134 28308 3427
-915 -22175 -29079 -5072
-5486 -17270 30249 -11665
10232 -29490 32425 27163
-5812 22493 5709 -25288
31259 -28000 3764 -16198
-26194 -5433 -4573 24698
-3877 3409 -31925 31243
12654 -32745 7066 -6819
-22873 29911 19797 456
-11044 15280 -1363 -8381
4822 -25332 -31023 28631
25483 10719 6028 22594
27834 -28226 -9424 30287
-14964 27399 -30681 -31566
-28310 -12620 19774 757
4668 13215 -31426 16754
3299 28334 -30508 9716
20770 -26131 -1115 31331
17749 -19349 3541 -29136
30938 -19211 -31819 -13363
4332 -17513 -17114 2113
-4149 -19956 11653 -1019
-12412 8960 19562 16700
-28974 -14410 811 -14146
-1447 10454 4665 -7571
-16033 14111 7324 -24524
4776 31796 7406 -6431
-30967 2471 -30685 19243
-3398 -32524 -12912 24142
-24573 2549 -9353 -14371
-24929 -29026 2005 16918
-11675 20764 -17208 12171
-28635 1968 29448 27964
864 -17026 -15931 23721
24904 -10970 23857 -26374
22053 -28750 18603 7779
5789 22414 -25971 15490
29418 7307 -2787 -22323
19908 4315 -4358 27310
3128 -9495 16487 -14365
2268 -19826 25540 9144
26438 24638 -18466 -15559
1393 30787 18218 3846
8868 -88 -2146 -29029
-13560 -30435 -7103 27306
-26121 32112 30701 10942
-10400 21428 14610 -19253
-25404 -31134 24073 6374
9013 29415 1095 14372
-14980 -11629 18653 1609
5172 21434 -17276 8990
-30647 -3802 25141 -1900
784 -7896 -29836 -4044
-6927 -19582 27148 -16523
11909 -14539 -21044 -5274
14422 29171 -238 14733
18465 -22916 1252 24867
-21511 11108 2808 4368
-21471 -14163 -27881 -22227
925 -7123 7518 -18769
-14318 -30296 10329 -7509
-18699 -22909 -15559 17120
24264 14318 14128 20887
-29143 20682 395 17573
21677 14962 -25208 27317
12955 -5133 -3152 -16062
27530 -1688 -15895 6434
-4800 3710 -6396 -8651
-8190 5064 -19166 -13603
-10146 25839 -12330 2306
-3721 -600 12710 -12120
1263 13274 -26399 18461
-15108 2785 14676 -29414
-6318 7326 -29326 18165
-13415 6084 -21898 -19822
24193 18985 3578 26310
10900 31046 9992 10299
-10260 18262 -28161 602
-9167 -12894 448 14043
-22293 13678 -24232 14981
-27565 7653 29184 -12016
18232 31174 -30798 10599
7711 16683 9212 7478
5928 -23458 16451 24705
1391 15719 15541 7333
-28086 25892 22070 -2680
-547 -356 24520 -14079
-32071 -9497 -7302 23474
-13917 18554 -6798 20221
27531 11237 4324 -124
308 -25207 22989 -9066
23995 -8028 -25706 28619
26269 7619 -23242 -6806
21807 -2110 -2440 5599
3077 -26140 16279 -1798
-5230 -8380 -5699 -25192
-1037 -28838 24232 -28357
15345 20617 -7554 4337
-3853 28135 21273 329
1727 -27811 -29580 30256
16667 14923 -20931 4694
2006 -22056 -1451 -20060
8550 -2589 -19376 28319
7553 27749 8390 -6446
8376 19314 18268 -23958
22019 -24606 -4425 25319
12171 -13216 13545 26033
-12312 27804 8287 -14370
-355 -17162 -21038 24009
-18766 19096 -31460 3624
-21886 -6220 23069 27103
-29120 -4468 -14755 32062
-25424 22850 17553 1385
25981 -18780 -9282 -16495
-25337 -8711 27334 -19255
1153 8980 2898 -21175
25599 5455 -32265 22299
-24293 -16361 21159 21664
29989 28069 -13525 -12979
12785 -31182 26270 24469
3089 -8820 -27100 -21066
-31249 -3935 18073 20306
-7749 4372 -29870 -20560
-10392 -30359 31382 471
27686 19396 25060 -32469
16387 27601 -7985 -19814
26654 16293 -14532 -596
-23200 25060 -22973 12527
-21262 13479 24038 25775
-14118 4874 -30475 13516
-19084 31501 24150 12422
1210 -16402 6472 25713
16567 -3408 -24529 11941
31635 7413 8580 32323
-19975 -16754 18568 -17140
3718 1117 -22344 13235
-20009 31207 -25051 -27339
15703 -99 6539 2311
-32641 25853 -31364 26399
24808 2887 -5948 -8790
-4801 -12202 -26424 9799
-12057 -3507 28121 15754
-14767 -17934 18961 32154
-2508 -2263 29338 12110
16146 14178 32347 22464
31718 -11768 23501 -11683
-11464 11780 4381 7386
-4682 -13564 11353 9274
11951 -31195 21975 -16268
-10300 -27410 14780 13994
-21514 -26782 24535 28287
3397 31952 14036 -17315
-10629 7669 29238 32289
-13380 -19820 -24588 -26873
1612 -10976 29545 32179
6344 -22299 14062 -8291
-11476 7200 -28051 612
12985 7023 -2482 21465
13615 16116 31820 -25257
1424 -29131 -15027 -28375
-5686 5166 -12861 21457
-23288 -23605 -22018 32434
2301 12958 28730 -10601
31089 31447 -16985 32750
-27971 -22420 -6617 25591
20222 3180 17249 7815
-4093 17964 23970 -9883
-27593 32665 -11861 1304
7453 -23634 10149 -198
1711 28480 10308 29895
-31679 415 1995 7491
21369 -22153 11896 19323
18373 2951 27954 -21287
-14731 -32641 -5105 -26477
-15311 -17251 28663 -22900
17502 -6663 -30250 -22362
-11001 -28482 23711 3086
-11622 288 20122 17950
24388 -12732 -9937 3797
-32336 16743 -4892 2541
15470 -23111 24244 -30105
-19280 -8344 7218 -16169
22717 -23939 -11671 -16907
13678 -29697 -921 8269
26839 2226 15366 -21306
3839 8871 -32107 -23284
6940 -6370 16102 15023
-30542 -17826 -19195 28258
20768 -970 3708 -19211
56 16248 6740 849
-6874 24931 30395 -20788
2996 9154 -6404 32670
-16622 1680 14611 -27190
32386 -18818 7006 -24443
12299 -16460 2294 13718
15171 7855 -22964 4427
5509 20515 -15854 26185
-12982 -5662 17582 -27140
-106 13262 -7311 -21684
24777 28555 20729 21636
3241 -25345 30292 17407
-14049 24644 -26077 -31749
21453 18766 -23277 30705
28097 -12046 -13962 16265
3769 -7847 -4692 -30664
6424 -2750 -1402 -28046
11 -24657 -16729 -5544
20222 -9130 -2732 10081
-13812 30223 30360 6099
16851 -8138 26446 -11139
8382 -21186 -13926 -8603
-29297 21938 3771 26201
-32720 -25166 30178 -16199
-26129 -353 -25577 6291
15370 12833 -16141 9215
3195 30563 -19690 -12176
-28489 -30231 -14139 -26574
-8969 -28132 19487 12091
5743 23854 22248 6278
12448 29333 15833 4918
26273 -26797 -31916 25553
-15229 19646 29438 -10961
-8063 -7082 -32474 8710
-28106 -28988 -21412 30784
-28251 -19274 26914 14537
30587 28848 24418 16947
-15362 111 18391 -1025
-10506 -29013 2367 -2909
-2097 28255 -21309 11139
29528 -2685 -9026 -13935
15821 4448 7647 -22285
-24033 -4844 -22250 27544
-7047 12340 23821 26232
-9094 -6557 10738 7094
11929 -30533 -19484 11594
12427 29028 -14807 -29835
10433 -15334 -15539 -9505
-9497 -31997 23587 23988
14722 -28775 22393 -9109
-19085 -10133 -2694 -23686
-17955 19805 -25504 22950
-24228 17211 25905 27744
-30931 -24327 27863 -12935
-3347 31043 -6360 -5539
25897 2192 11394 11451
-26778 -10839 -8897 -14619
4997 -10110 20497 1759
15012 30923 -28039 -22220
-23684 -1479 15925 27621
-14956 -1535 19339 19857
-7821 -2526 -19165 -25729
-8420 17405 25712 -32201
-3520 2017 -8980 7428
2790 -30164 27165 20503
-16711 -2745 -8587 -21122
5205 -3959 3868 -30188
11780 -6627 -21693 17036
-22633 -5921 15926 17937
2573 13889 19935 -14696
26307 -27387 -1284 -18465
5786 28448 -2326 29689
2831 26499 10046 -31500
15934 -25030 12784 -3789
-31928 19916 16476 12265
-19673 -26539 23412 22430
-5391 -21168 20941 19711
-7409 -5184 -26661 8276
19384 5220 12519 -25200
-20194 -22358 -18971 -5737
11857 -29919 -16835 -992
-8997 -26401 21268 1352
-25000 8861 -10221 24720
-10139 -31252 -30050 5554
-31878 -14409 -5052 -1714
-4372 -21974 -3211 -2935
11380 563 -17037 28805
19364 -21844 15110 27380
20056 17670 16378 5549
23498 27921 -17500 11865
32572 15468 -27874 2420
-1106 -1017 18504 -16036
-13994 -9793 1760 -18692
-23854 -30039 -22768 -22738
-1703 -21865 4236 16592
28884 29756 -20367 29307
-20054 -8413 25605 -12192
-25270 -8400 14000 12875
28476 20718 -30525 13006
3311 -22123 -26500 744
15127 -447 1900 11872
-23984 -31729 -27626 12443
10893 -18963 -3897 26242
-19553 -9941 -17882 -16799
15506 -21888 7373 -16829
32673 10644 12029 22278
-8113 -308 -27096 15098
23141 32377 5503 -10338
25658 20552 -4529 -19470
-31200 -19733 -890 30397
790 -4165 -16357 32446
-19955 25920 6777 -26138
-26065 -27680 -18358 -28123
-18494 -23629 14799 -2941
-9336 6571 -3435 -1197
-9033 -2781 24839 -31355
-24600 55 -9070 15946
3141 4878 6794 8968
23336 9620 -29453 17167
13756 8151 -26202 20068
22431 20666 5324 26219
-10569 -24942 28789 29034
31487 -19680 28029 19665
-9540 -23063 -8268 30395
-11798 25465 15575 -24864
31149 -25863 -3826 25938
30211 26024 2969 6946
-19187 -16024 -20858 -10500
-11479 15551 -20751 -27672
-2712 -23205 -14413 31038
31764 24476 3895 30724
8414 -7816 19054 31914
10220 27061 -11653 -28886
-14951 -30174 -2600 4337
796 21716 -28055 19373
8842 1357 -11195 -16149
-5434 -13062 -29755 16523
-29220 -31996 -25549 25985
9119 -5021 7060 13467
22999 -9734 -7290 21953
-15741 13116 10713 -24210
-1616 -8124 -31802 11088
-12587 -29354 17703 14157
-25462 13746 1276 -23894
-21835 -13929 -2130 8306
21229 24467 -16072 -28408
-4471 9389 677 17806
-18592 -17715 -24144 13815
18808 2805 26091 23722
9674 -24268 28820 29211
-12546 -1985 -12617 -30163
8739 21755 11155 15258
30146 2373 -11710 17902
3346 -27193 5967 16272
-10210 -20336 -6833 -14168
5528 28605 31995 26460
-9916 -7376 -22084 26961
10716 24881 1533 24084
3586 -1158 24024 21008
32311 -32018 -7015 25136
29372 15332 29423 10821
-16394 29657 -9019 -26237
-14991 -14315 -9191 19687
-7586 28403 14574 -27980
29670 10117 12220 -19983
21348 -19798 -14487 -13525
21714 -13253 18644 7362
20023 25070 -9313 -27905
31509 -25063 22977 -3950
25946 -1736 -13833 -8742
12179 7979 10621 -26899
19654 26022 -14181 -3943
24834 21981 -1398 15241
3794 -14750 -5293 3744
-16853 1715 -20522 -13383
11222 1 -12959 -8163
28728 -5935 16124 2433
-424 -16907 -24658 -13437
-2706 -20437 369 -30170
32579 23091 -23018 -11954
-31633 -22077 21388 21965
-29295 1596 -20993 29352
-24401 11453 -17316 30928
-30091 -20872 11294 5995
28184 -1058 -4873 5617
-25488 20349 -19522 -23079
31011 -2847 28735 20298
5203 16481 -5107 -10035
-20149 4751 -503 -25642
7598 -23343 -21438 9959
-3526 -26890 -27866 11802
-18331 10497 -23134 20986
-28766 19742 16625 2346
-18994 -27591 11108 28640
22291 -1267 -14375 -12406
-301 16444 -27210 -31687
8812 19190 23460 -1661
28375 -14932 2561 -1851
-15972 -19513 -19334 13939
-2526 27649 -24635 -32251
18102 25082 -6441 -8829
-24555 -32536 -11272 9916
7542 3679 6846 -25431
7355 -3941 -7163 -23633
7292 -17784 14119 -12622
7270 -9759 19640 -14532
21300 -6955 17054 13872
-15665 28858 -12172 -13966
10364 -19346 27913 -14162
18798 -16683 -28686 28807
22837 20505 -12633 -21867
-1535 23581 3086 3735
19296 -8245 31675 10289
-29748 15979 -7541 -22394
15956 23401 -9248 -19949
1071 27564 7852 -30950
-29579 -20441 -22815 -8106
-17680 -1796 2688 -20726
20818 9623 9521 331
-14508 -1627 -15928 -26875
3998 -31224 -9317 -14657
-7784 6876 -10705 -15402
10790 2064 -4379 7101
1070 7454 -544 11874
10921 -13657 3257 11135
31811 26222 18021 27490
-12322 -7688 -23581 27800
-13223 14721 -15690 -12454
7289 -20357 24305 -24864
13378 18460 -7778 -21099
-14603 -31759 14408 -24867
10970 -2953 -12150 -31362
-1998 -8525 15929 10302
21269 -24745 -2029 3961
-2335 -12787 29289 -25931
-31340 19775 -2529 -18358
-8228 28598 9246 -20387
17851 -6175 13767 -26560
6190 -29180 -11485 6943
13642 14992 -25973 -5791
8917 9768 -26772 27384
-6515 -18706 -8016 16247
9526 13051 -4121 1400
28827 -11457 -27991 5790
17252 -5030 14275 23058
26058 -25931 -5933 -8169
7639 -7319 13693 -29836
239 1448 10907 28515
11190 -14293 -15168 16707
-1162 -21565 -10126 -8174
-16829 16353 -17332 -26202
12575 -10033 -32290 19865
28588 -6345 26304 4921
12121 25782 -13490 -2004
9307 -30012 -11799 -23181
-16072 -31212 -21778 3989
-1181 -14804 -28146 -27757
-30921 -1095 6073 26633
-9135 7331 17627 -32308
-28663 -14600 -12158 -6897
-20285 -6596 12570 -11300
-17977 -7540 -2690 -4425
-12036 -26972 18211 -15514
-27412 7132 24366 6349
4511 -15075 31073 3520
-10023 -5134 -18824 8398
-5762 24053 -30281 -9536
32652 7043 2432 -744
3310 24963 -29256 -26794
-30987 6157 -345 -12262
24230 7832 22564 -19825
-8004 3353 -26962 22226
10504 19973 -8031 30328
-24304 -11436 30125 29500
5428 -10400 19394 -30239
2169 -5243 -10307 -23621
7984 2329 -12897 -27020
30922 -15570 25828 31302
-26453 31635 31128 -29223
-17001 -11587 27445 -19793
21920 -22057 31350 31122
2803 30780 20965 11733
28468 -23941 32346 17375
28320 3047 -13922 3476
-17540 18986 23263 -18198
19566 -7458 19506 -4300
22743 32124 14595 7792
3049 27224 -18209 -19455
-30463 -9713 -27697 -25739
-19716 -23266 -6197 -19673
19344 -25635 3139 31763
-24249 -25999 31635 -25800
18110 5330 -3840 -23625
-2020 -15012 30550 32227
21577 -332 -27129 -74
14875 -282 3499 13780
-20373 26918 26011 -20438
8024 -21693 -13824 -13270
20106 -21275 -22254 12856
-19070 -4856 -3180 6170
18847 11842 -23592 25012
1994 -3827 4792 -29622
-30338 -29615 -16633 -5441
7236 -9275 -6346 -15436
-15612 -18338 -7683 6454
-14171 27989 13130 24691
4508 -8331 -6251 -18695
25175 27893 17375 18995
10991 4910 26373 -29165
-12849 25754 -21783 -8948
-5872 -25520 16053 -23951
-18780 -7245 -16246 22152
80 -13517 3246 -3796
-10957 14294 4390 12913
-14265 -4534 -8285 1176
1421 12868 -16838 -12506
-22381 12104 -27510 -2743
7539 2830 -21600 30993
18164 7262 -14914 -20581
-17759 -18440 19203 31281
-32552 -20442 -6392 -32055
-23482 4290 12704 -15459
-3912 -14954 -21693 -23630
3255 25052 -32010 24124
7976 -13886 19482 12544
27347 27394 -30859 31633
18288 26789 -21489 -1175
-4490 -10407 -1886 9890
11025 31802 -49 3280
-3012 1244 -22159 -1461
6946 -22749 -15875 -8271
20336 -8570 -14904 20022
-18359 26653 16795 23566
21379 19786 -24825 -15483
25329 -14458 1231 -17565
-19451 13403 26874 30934
18410 1573 20398 1677
-1559 19020 -5550 -14439
-4799 -28244 -22396 -18191
-7323 25308 26551 22401
-20185 31667 -26561 2610
179 -8808 -25452 -995
-5374 3915 29372 -18991
-2301 23995 25501 13159
-25221 21270 -28279 25982
4000 18010 -26504 -17086
11707 2293 -15286 21579
-32512 -11986 -26753 -17485
20583 -18234 3628 15585
-156 -32142 -13445 14769
-12807 21362 -22482 -32741
-4798 -32578 -3949 -20415
776 -2594 -16819 -27267
583 10038 26850 -2196
19223 -26684 -20803 -14643
16780 -3522 -4508 19893
-13617 24930 14605 7641
22380 -7063 -4907 19726
-21348 -23740 16506 -15102
-8601 5895 2669 -787
6773 -12930 -22478 -3881
2144 -13995 -11633 -13311
-23962 6483 7740 19905
1653 -24124 17453 -28782
-2430 4624 8395 12350
753 21432 -20886 -28158
22246 -23135 -24949 26971
16898 16412 -31819 -1904
-1342 27597 -4052 19139
-15988 -18742 -13857 -19036
-13762 31458 5310 5023
-31639 -19314 20870 -3041
5515 27336 -2559 16443
11538 21195 30292 26515
-6500 -7010 17297 17041
3418 11530 19516 29619
-24754 -7199 -4244 -18917
2684 -21181 -9172 -9708
-9274 -3897 30035 30073
11371 20155 -4973 -32756
31744 -742 29766 -7504
3001 19779 -9053 15470
-5310 -24608 -23043 -9581
-6877 10258 2407 -16813
15795 22386 -8262 -3126
16193 -32623 26443 -15575
21779 11519 -23294 -13409
23439 -28585 15163 12084
6106 -9977 12852 -10855
-17993 -3103 27481 19137
-11230 21444 -22061 -14055
19110 9105 -8805 -11980
-26836 6574 -7654 -7592
5683 29328 30026 -10671
-30598 14053 -19050 -2435
-8719 -2140 -19582 24408
27747 -16711 -8585 -7233
-5585 -4969 -15532 -17126
-506 -15676 30505 -30641
15375 -2154 1601 -21759
-20747 -18278 29933 -5385
-30186 -28884 -25975 3650
-2438 -21847 1182 2366
-25639 30208 -31104 9213
25525 -13899 -20945 30328
-27541 -25603 -20719 -25381
4762 -509 31409 16930
-4583 14841 -31375 -28192
-13938 -10060 31140 -31050
13954 5731 30717 9241
-29452 -16657 -14757 9273
-12550 -1704 10954 -5047
31376 -37 -4804 27147
-7033 20079 -4342 -26796
-15195 26728 -30821 -5424
-6076 -18106 5093 -22877
-30997 -28322 -3756 -5854
17702 13062 -25027 -26088
31504 -31506 9108 14585
830 -8096 -264 25734
8741 1861 8718 -28882
-32477 -10263 -16814 8612
22078 314 -23132 -12106
29627 17390 22304 -24544
-5814 11109 -3355 -21774
-30603 32460 -25291 10565
-16532 -9022 20702 -8509
1436 -3158 28028 5439
17735 26832 -31354 26545
-26352 -16973 -23828 -8555
19781 -31792 4881 997
1840 9448 13338 30651
17526 677 -7835 886
-21595 -9935 -14157 -1951
7624 5878 -15033 20767
-30013 -25144 21426 -5097
9318 -16400 13500 5006
-21646 -26435 12267 -15855
-15528 -28118 -492 3118
5874 -15461 17203 26636
22440 -19012 16083 -14779
29102 -11672 -22748 10534
-5991 -27810 -32377 -36
10500 -13036 1667 13083
-16309 26121 -32406 -10612
32487 26176 13005 -24900
19596 24626 -27443 -23808
-29447 -17016 6019 17379
-18241 13671 5418 13225
10828 886 20164 10533
-5764 -22189 21168 -9892
24585 10274 -6952 20876
-2353 13371 21872 -2795
11697 4124 12498 5171
-26708 15684 2113 19278
27790 -28782 8479 23641
27423 26264 -24351 13862
12857 1717 18204 24797
13681 7213 25528 -15404
6290 -6874 -31538 -16964
24735 -10880 -31824 19279
-11887 6919 2047 -12799
13106 -12021 7115 -13222
-30184 871 -5684 -11959
27176 -19595 2874 13295
17554 -7435 931 -13578
-1531 31794 -18871 31899
-11994 -19242 27556 -11331
-5722 27762 12122 -20512
19625 -19174 11405 -28865
23815 -16578 -17595 -5497
2123 20872 9626 -20249
-27953 -14896 32721 25973
-23971 31209 23349 -26019
-32064 -1592 16285 29342
25226 -16158 -7597 -13943
-20721 19052 -7768 -24484
-7977 8701 112 -16428
27287 24537 10887 -31849
-3698 -20414 18296 -6633
-28868 5238 -16502 26622
15742 -859 -7960 16264
-30821 -15255 3509 -4380
1756 21215 -25217 8253
-8565 -7365 -28243 5723
27758 7467 15999 6477
-69 31647 -27836 -19097
1706 32595 29027 11348
-28890 -16600 24829 28274
23738 19392 500 -280
25016 12907 6279 -9054
-14241 -7780 -24581 10607
27117 17856 -17488 17245
-25197 -17959 29429 -20695
-28798 581 9070 15821
26123 4734 27990 -32177
-31925 -8285 -7274 -16114
15583 32364 26598 -19321
14106 -23039 29785 -3068
-13178 23823 2026 12076
-13068 15480 -736 -28899
2689 -13877 -26470 -25421
-14385 -4776 -18943 25064
-3696 -18259 -4299 20002
6945 8706 -7553 -16141
15099 12794 17824 -19427
21663 -25521 -25021 29624
4215 -25309 -3632 -19643
-4382 -16397 -29526 -23359
-16585 15278 -32295 28934
-15716 -8622 -27827 18800
-4425 -9818 -28177 -7722
12302 19930 22546 28716
-13690 10331 -13924 -21625
-16481 1216 14425 -1414
30753 12654 -17163 -5724
11959 -5121 7589 -2438
-18674 2048 -15064 -32029
31910 25172 -24693 28115
8550 2467 26013 -364
-7390 12716 7184 -23355
29743 -11955 17642 -30401
24785 419 12588 6988
-22065 -14395 7900 26710
-27111 -14221 -13793 25585
-32679 24048 12916 -9427
25081 20568 -7274 13373
32570 -2917 7761 11724
15322 26931 -12878 14545
28885 -31807 -16392 -29977
-1775 4803 -27083 -28914
-17021 -6212 7522 1507
22368 32417 16478 14200
-1870 32742 -7682 27849
9699 -25307 25257 135
10930 -22453 9035 16992
-11555 29919 11908 30263
23093 -26672 -29723 -2004
9383 -3738 18845 23712
-5596 24806 26909 25359
2437 -27994 -29898 25084
-24597 20763 -9234 -24585
22733 32763 18388 16833
7225 -26501 2398 -3278
3621 19176 31741 7117
18536 -5187 -22399 4342
17076 23256 16513 -10579
4970 14722 12142 7951
23977 8601 -15488 -29874
-23900 -23487 11388 -10398
8550 19902 19366 -10679
-3309 891 -9502 15390
-24975 23171 1822 -8812
21882 23984 -26566 25738
-19897 -11126 -1488 21204
23276 -15392 20091 -16668
11023 18866 -25257 18188
3939 28101 13453 17483
-12742 11904 25583 -14065
-21771 22373 -14336 -26365
-11266 4048 -31633 17749
-9632 -16849 -17063 -14034
672 22338 18401 31294
29722 -17396 23173 -22859
-12720 -29920 -12035 18009
-25671 18470 18323 -25612
5593 16744 -9148 -11101
30339 -27865 -18194 -4474
22422 31889 26414 27436
28771 -7960 -24432 12261
-19834 -15953 8639 -9185
4815 26923 -2294 26079
-31238 3494 22550 -5726
-9845 -24774 -7151 -16535
26238 13231 30516 -31872
23052 -4935 -7192 -14638
28067 26305 15426 -26486
-664 12677 1863 32208
-12477 -3403 -22437 -19254
-14923 -15498 -6660 -27945
10885 -16117 2737 -12597
424 -278 6630 -29474
13968 -1303 -16723 -3987
18527 -2965 19322 10086
-27860 28001 18872 -4324
28740 -4034 25072 -6257
-26961 17259 8545 17414
-24506 4099 -22869 -17177
-6731 21359 31904 -7511
11882 3932 -23447 -11412
-21815 12724 -728 29024
-2543 -1439 -13094 30532
9705 -16480 9317 4996
-29614 -85 30917 5085
27783 1781 -28194 18474
-1956 -27942 15434 7706
-6544 -4922 -32088 24600
16597 -13865 9078 -19679
4639 21070 31032 -31817
1011 2630 24219 -4304
14186 -3178 -28926 -2604
-8861 -8407 -29426 5258
-23854 6493 -7355 -21166
16135 3754 4662 -17233
13413 20115 -31239 -20448
-11280 27603 9298 -23985
-31277 32327 2928 25571
25147 23666 24200 25417
2421 -3819 -14899 22868
-4117 14128 13126 -20680
9934 2723 -848 9570
-10140 9197 -21669 4119
-25075 -23210 -14246 796
-14545 -29455 8967 -4148
426 -30946 -19508 -30922
20920 31296 -29291 24883
-23535 -30047 14052 26072
1260 -9006 -15034 -30489
4389 14367 -28359 20802
16422 -4541 22853 -28304
25306 -3956 7381 19381
-14170 2819 6095 -16603
-6785 20837 -29073 3642
-10624 23609 29438 -30010
4242 -18696 8084 9638
2078 28252 18951 -29236
19630 -17346 -2929 -20113
1048 -29717 30007 -5870
31757 3979 -28213 30342
-14523 -30719 3641 9956
32735 -20794 6925 -5406
-961 -10411 13071 3611
-1312 23663 11660 9172
5352 -19538 -22165 13257
-29980 25782 -13495 -21383
11306 -7897 19446 10684
27270 11670 3273 6665
-28231 14670 -16882 -28208
-10103 16853 -22180 -816
10740 -14990 -27259 -23995
19361 22849 -26475 93
-19459 28347 17884 -8079
4125 -15820 20004 138
21089 -17536 -17698 -19354
13085 -7920 -13761 -9711
-1662 19344 -21759 -13356
-19641 7611 4836 -25182
15866 1560 -14981 -29287
-28480 26869 6877 15908
-19984 -24455 22927 -7804
26973 -4577 -1680 24676
-3894 16634 -26521 -22721
29876 -2287 15372 31831
28185 23251 27791 -22747
-26700 -17207 -10621 -15422
-25945 -13548 -14756 16293
2267 -9687 19457 3226
-13725 -18083 16892 -17856
27080 11917 -12845 -22091
25915 -15389 -14708 -23546
17817 1566 4639 9524
-23379 7516 -24555 -8180
-21821 -7433 30384 -10829
7135 -15457 24373 29337
30257 -19461 -18961 -18695
-15046 31341 -30171 -576
5399 5523 2906 -15323
4645 -22340 20675 28856
23608 8579 7806 22355
25999 -5813 22521 -23860
13630 -32218 5215 20344
2654 -21417 -8588 8271
-2049 17656 7585 -5008
-3035 23960 -1800 5050
26073 -30832 17185 7880
-23442 -22495 -32747 -29445
-29065 -19384 25937 15139
-21288 -27014 -14160 -18837
26379 -11630 -7533 -2371
22929 11339 23598 -12611
-4628 8753 -8515 27200
29081 12549 -23079 -29477
24567 -29449 28445 -30343
14257 -6803 18114 -20514
10424 -3591 29757 11122
-20251 4597 -8122 -3926
31640 3390 -21801 -14607
18138 -6113 -3727 18606
-27690 2671 7517 8463
16329 25835 7545 -7444
-1437 2665 -12244 -29132
1529 -20417 15565 -25223
-13823 -28023 16313 10790
-23788 -30468 20204 -25045
23025 26186 -5724 312
-8099 -5009 -32100 -22766
-28950 20565 5819 1104
-11554 -9865 10423 3186
6559 -4765 1969 -3115
-21909 -12236 -23819 29645
2039 -4941 24330 -4819
-3295 9581 -15149 6137
-21678 278 -30233 -30519
18888 5478 -30602 -23377
-17172 -20514 -2230 -10757
-20839 -11269 -12936 -5047
-7411 -6431 31874 -19406
-4447 -31127 3128 -30134
-15607 -20423 27337 32114
3332 -15060 -18353 9761
-8518 22805 10179 -28827
28627 21879 -25692 -7785
11136 -14103 -30697 22471
-27652 -23324 -24566 -14979
-20811 31073 -29275 11668
-50 -5416 12898 29092
-13749 32545 -14583 21828
-23121 -7388 -27999 31186
-10106 -6304 15469 -861
-12305 10497 31184 -8349
-29805 -9075 9359 3135
14692 14376 17247 -29544
-32030 -14990 17428 15998
10533 -25610 -18451 15664
18055 10320 7477 27836
-14651 -2625 -12910 -9254
-7535 11040 14139 4050
-31282 27792 28723 26733
-20552 -27062 -26652 9933
-23080 -23960 32062 20358
153 -10051 27685 4391
-22769 -28180 -12077 27224
9052 -31708 -5720 25170
32190 -22523 -3454 -551
-29545 -95 9981 -18593
18258 31206 -26425 -30063
14662 24954 10416 7523
11088 -4507 -13347 -15015
-29531 -18083 -32060 -21557
-12957 -32621 -8722 -22169
-26361 30835 9009 -15508
-5195 1111 -21136 6205
-23141 -31562 22481 -21439
-26976 9540 -2923 15470
18098 6652 7193 -23890
-21755 26118 28364 5689
-20592 22230 8646 3185
-27021 -32116 23137 -21041
26802 4764 -247 12361
7917 -20653 27088 25586
2404 16545 -18350 -27178
-28068 -21726 -24801 5206
-10664 18289 -2646 -28959
-13385 -23212 -8262 26941
19088 -1138 -25271 20536
14426 -17852 -18535 -7110
31548 -5244 4543 -2044
-18007 -18812 -5708 30611
6255 -2328 -6635 30572
12658 25607 27982 -23239
-3841 20231 -26163 -24124
14194 -12855 -14983 31516
6682 -1171 -2275 -9079
21664 -4501 24232 -18658
24915 -27607 -9740 -15661
29462 -15866 15885 -25532
20207 16793 23682 20857
-25907 -14936 -27020 8978
23681 -19348 -23905 22276
-29031 -11834 -4978 21262
-28329 -31659 -32764 769
3415 27418 -30042 12474
-9454 -20948 25544 21672
-10302 -23361 -24040 30927
-29181 -468 -4315 -1482
-19729 4818 11791 18318
622 20707 -24365 -8143
-23369 7272 28175 8806
-31481 5332 6906 2299
-11347 -12273 20014 -1771
-26589 21939 -3114 17980
-22015 21347 -2246 13041
6762 20995 6968 -24461
-25382 -8458 -30176 -27715
20313 -6740 11108 2544
28934 25772 7639 -21775
-17224 -8322 18995 -3954
-15008 30925 -22110 20744
-27693 27460 -6725 -28537
-22819 -5725 23691 -4528
20586 15953 23392 -2529
-4467 -24574 -16791 28334
-13062 -5348 2940 -4025
21098 -8194 -24415 -23107
-7099 -5438 -21418 12793
23449 -16687 -4742 -8486
18877 1544 -26643 22292
5000 24887 -22128 -18143
-3858 29203 11801 22151
15622 -13544 16178 -26704
-8879 -29744 924 19272
-10016 27365 -23210 8722
-26127 -9761 -2231 17264
-24875 -21507 -1594 -28911
16149 23390 8692 29999
-27806 18849 4869 -27644
-22337 -18068 10336 12697
9989 9853 12195 -22914
7267 405 11613 19558
-7284 7376 14102 -1257
-17253 14421 -31338 15205
14313 -31866 -8656 11618
-13003 -31328 17012 1611
7776 -386 -26444 -9904
20599 -28866 3755 27617
6748 -7838 21279 -3944
-14448 17572 -11653 12025
26207 18496 13338 14893
19172 23000 23138 -9264
11311 -13446 -32680 -5181
3045 760 -15587 -21219
1761 7783 -20631 -29225
20576 -17181 -23148 9932
7296 16405 28785 -4010
30172 2410 -21424 27405
13381 11035 -25689 12570
24387 2373 -2101 24292
14747 -11261 -32204 -19396
-15754 -11597 -17348 6793
24093 -25308 10501 16309
-956 -6747 -10141 -15059
-25301 12420 5046 10200
-1138 22269 14456 -8106
9725 -30930 30819 -28541
2731 -12470 20175 15990
-12417 -12619 -28710 3133
24182 21599 -13367 -9022
16386 24646 7276 12394
19299 -5113 -30148 24725
-19651 1842 701 -30587
-8912 -15088 -28979 -3255
-11081 8408 30440 13714
694 -659 18944 -30807
-1420 4476 32139 19043
20299 30732 4783 4110
-14280 29038 14450 25421
24348 -2846 -19830 -207
4153 -28399 5946 28529
-18268 -13292 -17187 5431
-3820 -15541 15611 -29287
-10046 22130 21173 30134
324 -24897 -14699 -6096
2856 -9298 2799 32591
6299 -24000 17208 15340
20513 27103 30876 -3327
9659 -20899 -20567 26382
-25669 11239 -1968 -3357
27304 -443 13210 6694
-21930 27636 -12610 5697
13079 -26373 -22474 -23004
-11399 26564 -16433 -19613
-8781 -12672 -16823 5543
11123 18129 22477 19643
-26730 -4750 -7106 17455
-23248 -27283 -16119 -920
10356 24703 25500 11604
-30561 -5031 -31351 21764
-16970 -17178 -28144 -15489
6920 14952 24616 -9381
-533 -27421 -6904 24600
-15280 -8265 -7039 12913
10987 -518 28282 1840
23493 30012 -13813 29742
-16268 7427 17927 4911
-25648 14984 15969 27893
26866 -20244 -15051 -20034
-5801 -9124 14066 -29301
-5718 25937 -8953 -26460
-24496 -19329 -6965 -28433
5704 23784 10280 -30980
21835 -5604 -11985 32700
19489 -20202 5448 -15335
9040 7004 -30321 -31481
-15957 8648 1298 19827
-13314 12824 2219 -16970
-17115 -1638 -6854 17429
-28834 15906 2323 98
-25305 19985 -9487 29632
-30220 -20787 27853 -19706
-29462 15341 8083 -25346
2043 28887 -10966 -28874
22835 18461 862 11655
-26914 16512 26144 -2853
16011 7866 23321 -10466
19114 20311 19170 21201
-24157 -9452 -23405 20286
30200 2568 -26395 -24787
-8871 -21701 11362 -32194
-895 -8413 -4396 -155
-1798 29239 23183 -22532
-14764 -24500 13015 32231
-24695 29187 -20232 9154
-3140 -26924 7897 -9624
2812 11294 3000 5767
16737 16786 26612 -32179
18928 5 -27637 5134
-26792 -32255 22235 10006
10614 -5800 -29528 -21050
-25364 2653 7298 -3258
6569 -17270 30215 -790
-8997 -15154 -3133 23596
-14483 23394 -15064 -7640
-18163 24682 29047 -14555
6609 25731 -13576 -11335
6820 -2483 12980 3135
-19695 12571 6436 15197
23149 -13125 -11169 -28370
-3383 23819 -8109 636
927 -6290 -11549 -3735
20815 -6171 -1670 -7694
-28861 13814 -11053 12305
9035 -12466 -4316 -436
-20432 -24324 7744 3496
24017 -6495 18577 -9391
-2874 -5637 -8717 12962
209 21294 -16873 -28961
-8805 -17111 -27855 28581
26218 16023 -30681 -20848
-9871 24162 -26270 14653
10968 26517 322 -15148
24548 681 20629 29376
18064 -5644 20152 9654
7707 -18803 22749 -5916
11117 11447 30568 -9000
-31293 31959 -28796 18617
-18863 14807 -4699 24854
-10986 10495 -22681 -22911
14293 -32248 32359 27838
-8717 7758 -31724 18193
-4992 -13848 -28674 18609
-25077 26231 -24592 4952
2472 -13033 21451 -31454
-842 -29660 -18570 22713
14336 -8862 -233 -17347
13156 31251 32372 4769
27177 -19636 22973 -20460
-8748 5359 24730 1442
-21193 3734 -22948 -6773
-17563 8664 4884 31719
2165 -25539 32747 18484
-443 -10219 19681 -29959
-14459 -25549 3420 -736
-3926 28114 10936 30926
23271 -20554 -31128 -4305
23463 22819 -30348 2376
26 -30311 12715 -20090
1472 -22103 -24689 -24658
22503 9996 -30745 -6466
14649 9308 27827 20447
-31977 -13717 17267 -27557
-24373 -5302 20076 -22989
-6637 28058 24052 -6760
28078 26611 -18079 19209
20113 -32195 8595 -3415
-24812 -27679 18905 -3543
20775 24924 -29772 18049
-33 -21164 980 16538
-4572 -17487 -4193 -10961
26899 -25441 32733 6962
-31816 20189 -14403 27041
-12017 11442 -2635 -6957
8650 -24536 -23335 -12280
-3847 14682 28841 -17566
-9573 -31104 18557 -13483
5749 9816 -11982 -24946
23280 2456 -13929 6613
18958 -29147 -10307 26263
14844 21515 27236 -8742
3045 -9130 28054 -30627
13931 9348 -22222 4715
17551 -9306 -7250 -2536
24191 14044 -1664 -19743
-28027 -30906 6235 27538
4295 -708 26907 7845
15870 -27590 -26737 -18644
-2337 20482 25166 -10462
446 -5592 20494 20291
20247 25737 -4223 7942
28006 -4851 8284 -11070
25167 15234 -7075 12154
3760 -14239 3304 8656
17834 15949 -21518 -1087
3743 32444 -20462 20713
-1974 -18994 7259 27192
-32314 18891 2359 -19415
-26127 -23946 -8804 -29410
15068 21506 23749 11850
14904 28899 -16792 30596
-21624 1596 -1404 -18445
-3250 -11925 -31432 -3628
-22927 31445 17835 -4991
-27477 -20054 16395 5662
-18311 -30549 -30859 -20529
16822 -27096 2669 26192
-21676 -20716 8781 -19822
-3711 -23869 -19859 27656
13934 45 15962 6232
4545 -6146 31325 24292
-13212 9282 -24982 -13529
-19851 -3354 28935 -4798
5816 26596 14093 13865
21589 -8771 21189 12306
6412 17346 -31996 -14756
28084 17719 -16148 -12424
3342 21599 23960 -25569
20581 -31021 17931 -27929
-2089 1174 25172 -28245
-11226 6810 -2478 20585
16291 -4993 -31163 9872
-31567 -365 15077 -24316
30786 -12443 32 -26253
-1256 8154 -8707 -594
26666 -7560 -12095 30599
22221 -32541 -27261 -21887
13156 15828 -24430 -20227
22581 16934 -25845 -30815
-14196 17592 27655 -7802
-3211 -17119 7752 -3689
-268 -6021 21603 -20402
24646 -29852 -4864 17414
-26758 -26267 6302 -25450
23584 32522 9387 27245
-27407 -27604 -13878 -13540
-31736 -10710 -538 8626
-24018 -24107 -27020 32194
-32062 28529 8087 -24105
-9471 -5814 18036 -3048
-19008 11922 -11316 7308
-18094 2266 32227 -18791
-31602 8667 -22472 18061
-31136 4946 19042 -27898
-25033 -23403 -22386 22498
-6067 2314 -29933 9620
-29770 10004 -16655 -32673
-25996 989 20226 32319
-15226 -2342 -7424 26475
18473 7902 30227 -27267
-28443 -23260 2599 32738
-8440 19658 30068 11812
-16244 10893 -29889 5584
27669 -2899 -3484 -6262
-22159 27074 14939 4397
-9396 -30423 -17169 16522
13789 22280 20631 46
-13037 -9750 -9622 -12152
-25727 -16203 -27974 -18082
30825 4657 -29741 9854
3900 3261 -8499 3218
12945 28281 20562 11157
812 26468 26232 -25112
21741 -5226 11679 -12994
11997 16697 15694 -12750
-13434 9796 -67 19693
-25798 30727 -31227 -17389
29096 198 27962 17040
11160 4322 21486 -16825
1310 -21943 -8519 -2424
32547 12353 -658 -19393
872 -17308 -9381 29352
29802 15281 20182 -31386
31795 -20767 -17017 -23842
25941 1833 14447 23248
-21847 -23252 6793 123
-3883 -27556 -11205 2630
-21421 5811 -29739 31715
-32030 -25146 -5205 22813
20610 -14855 14049 -273
21181 24941 -21831 5045
23558 -6121 -23099 8834
4941 -19588 9712 8880
-18385 -19301 17697 -15200
-30462 -31229 -25398 18371
-28159 -2118 18968 1401
28990 11693 5170 9917
15851 -16045 -6634 -29350
2823 -30549 30914 23205
-26799 -18305 -17068 -5394
-24781 -10241 23295 -25756
15037 -506 1638 30572
18840 9088 20516 4509
4700 4510 -5911 -19585
24717 22287 19677 13255
23435 19561 -30580 -967
12326 -25785 -14304 2960
16110 -25264 -30999 314
32713 -18923 -3925 -14280
21223 -22314 4466 17861
13555 -19149 5413 -11963
22872 -14179 -28440 22134
-10055 22992 -2514 -15663
-29275 19487 -10802 -23833
-28908 -3024 -5230 12985
3546 -5752 23410 -29653
12803 28864 -10870 -29204
23301 1235 8280 -30623
-3175 -4626 -32751 -1957
-12649 8875 -13685 5430
19990 1233 7656 18411
-6189 12479 20535 17564
-4751 -2807 -3095 17655
14092 -15107 7630 -23978
10696 20475 5010 25445
-24178 8688 2441 -9857
382 15489 13441 -25283
-23833 30575 11145 15696
-18861 12702 9623 25783
8532 23012 31174 27861
-26786 12845 -10406 29459
30510 -10113 -23557 10781
6126 -15003 23184 -5446
8639 -23750 -27645 18215
24043 19414 -6767 -6437
-7175 -24572 17301 -27926
-9054 -10958 -5360 30740
13001 24342 -30067 2078
-27965 -22042 10854 23445
19762 -29766 -25078 -16957
21740 -28388 2000 20344
30606 25779 -27298 -5104
-5673 10597 6659 8018
1821 13079 10267 858
27337 9839 -19820 -27687
-23514 1468 -6670 -29670
3574 6106 -2504 16653
-12410 -26611 -25139 29512
27134 6631 -21207 -8192
734 24145 -16851 -29820
15827 23210 -25840 25397
-4364 -5185 -4699 -17133
-20353 -8145 19615 -6194
-16453 6694 -12633 -8097
-20940 -11145 151 7706
-785 -26684 31233 -22914
-2147 20303 17780 2019
-2951 -19921 10126 3298
7285 32645 -15132 -32749
6996 -11715 -24896 -9514
28649 31002 22008 18724
26799 -22740 -26145 10476
28813 16002 -25089 21401
-14204 16177 15426 -3789
-25671 -9742 -29857 -17183
14406 -9039 2664 13215
-16649 19564 24779 -9053
30562 25880 25228 -23466
-19648 -7449 23912 -30424
-14640 -1472 7528 -3462
18421 2659 10292 8669
-5067 22419 4826 -2048
-2071 -17547 15648 21872
23125 -20534 -15011 5414
-22013 31629 -15353 -28756
-27567 -22090 -2923 7123
17542 6960 -2663 -20915
-26746 3668 25821 -3431
-31550 30710 -14763 29562
-18064 27176 9027 -11419
-12778 -16455 -24666 31746
-31379 21948 -19455 27204
15991 -4954 -10883 29207
-14524 -8992 -12549 23159
27986 22902 8262 -14776
-4031 -13400 -15807 -17882
-15052 -10071 -27793 13511
-15907 16957 24881 -17585
-2865 30424 22542 6471
10301 -20961 -29472 -822
19890 20894 -23564 -29618
27167 17762 20513 -30787
-24968 -27272 3365 -8857
-30050 4337 4507 14368
26971 -20217 12277 -620
6737 6074 2003 13288
10786 -30409 9766 -29354
-7540 26388 -26514 31345
-18984 -22500 4511 3356
23076 2451 10476 6900
-6778 29259 26249 -29718
-1696 -9368 -30066 -27667
-27161 20756 20624 6933
6544 -8372 -28186 12545
21800 -779 16684 7064
17186 -26550 -3862 -12580
-5021 -31653 -31744 947
-16331 -14499 21936 21222
2469 20813 -11145 32588
30186 -24275 18542 27977
-12416 -3999 20320 27547
-29653 -22512 24219 12961
13897 11544 21171 -3904
21038 -31081 -16465 -25404
31430 -18912 4521 -18419
-19213 29382 13301 -23521
14081 -9633 22528 -11941
-28424 -26370 8977 -9182
19215 -19293 22092 -11683
-26953 -9831 -9432 18806
22749 17502 17776 32555
-14399 -16437 -1348 -17359
29345 2239 29540 6967
13387 21283 12106 7233
-3701 -7040 -23289 -22046
-31314 21674 29790 5716
-13069 -6502 9662 16294
3296 24913 -4673 9014
