10282 -7066 2877 20367
-719 -21407 12795 20925
8707 -19582 -30817 31057
-3839 17824 22940 -6531
-24006 -30353 -13060 5667
30108 -20157 11447 3852
20794 2445 6881 19337
-12878 -19162 23905 -16168
-26709 402 31051 -13585
-4679 -278 12028 -5286
-26804 -26647 21137 -2234
-22055 -31701 -16994 -2042
13828 -10213 6096 -3049
29014 11198 12865 -19605
-20366 -18351 28429 17612
16114 -26872 32675 -19624
-19482 -7346 7889 6872
11374 1233 -10227 -16182
23897 13380 -27186 -12484
-28621 -20601 -24786 14391
-21738 -20292 10440 -21473
16225 -18932 29901 15316
-22398 -1020 -25858 5311
-21026 -10830 24179 -19329
13271 -1458 -11687 -26678
519 14246 21687 15854
-8562 -7874 32621 -11667
6985 -29868 -27964 27889
13525 -24166 24952 -32396
18149 -3819 -17450 18243
-1912 -17286 -19659 -16934
-8351 -5760 -17337 19977
17725 -7145 10973 28530
-24958 -9749 13581 -17430
19518 5705 15147 -687
29163 13611 -13487 -28847
-12444 -11886 -15557 21615
25303 21828 28917 -5845
27215 -15861 8511 25240
-32535 -11964 -6128 23299
-5168 -25685 -23152 21345
22329 -16864 2522 15404
2725 16741 27936 15274
29088 -18824 -10634 -25936
32690 -29504 29635 -27303
20175 -17341 13742 -12004
-21205 1813 -22616 28261
-4288 15575 24533 -25626
24629 20206 17644 20099
14192 7271 10258 -24041
-13516 -3798 32585 -5531
-30616 -25523 -20291 -25078
-8427 4374 -21710 -16639
7971 2167 -23361 24622
766 -20608 -12875 -24577
28240 -7641 -31208 14497
-17239 -13112 -2614 13478
-24055 6172 4382 -18905
-14475 -29490 14714 -19993
-27178 1511 31538 21891
-13584 -11214 2863 22618
-19153 -26352 -17524 10786
5186 -20442 30915 -28914
10159 15617 18302 -15059
-6216 15130 -31029 -17224
-1080 -21640 9978 -13478
-22839 20567 -10632 -4502
-26501 -11211 -647 -16626
28675 25987 -10562 -10688
11582 -5887 7875 28577
-24879 -17017 5217 9516
-29869 -31914 7270 -9731
26247 -16538 5791 -30260
-2113 8534 29000 28642
18983 -1991 -17019 27941
15781 30943 6204 -31710
6502 -27948 18664 -9539
-10497 11871 -31229 -20089
-9133 15429 -16101 7790
13814 -10656 225 29395
10166 22826 -1205 12962
-18124 -15287 -27159 1584
16286 22559 16267 15141
21933 21277 16718 12189
-14627 -557 19902 -22107
-22814 17453 22703 -4332
3665 19022 -8057 25856
-30098 -31211 -23328 23109
-7748 18951 -12098 -10226
-31125 -13899 22739 18891
-28416 29358 2992 -29961
-9551 -30680 31946 -16852
2111 -3182 24535 -26283
-9069 24049 19694 -28609
-23554 -15126 15264 -23032
10480 -11187 -28343 -9485
21186 -12352 15332 -5917
2899 -10951 24195 -2728
-21072 7583 -9751 -18001
4978 296 8364 -1920
29569 13692 8109 28321
-23655 -18816 -398 29165
-8371 26057 -29805 -22331
12941 4719 31535 11638
15213 7205 -2121 -15341
-687 -17062 7211 -28053
-8440 18740 -11197 25399
-27466 24489 -8061 4943
-12660 -1653 1999 25461
-21870 12531 16958 -24881
19710 10722 -23874 -1206
-8388 1506 -14787 -2680
-8253 -6047 -20647 -13702
-26448 -16285 24425 -8412
14050 7155 14394 27955
-17474 6295 20778 -7828
29035 -24415 -4643 -30414
16704 -9446 -31798 -18003
28979 -24356 -24334 -16424
-18649 -13779 -572 -14843
8305 -18858 -14808 -15695
-9392 31762 17583 13766
-29600 9858 27720 12670
-26154 -7011 27161 -980
-24719 2815 16211 -2133
5594 29068 -26690 -26464
17659 -19117 -19951 -24862
-2031 7320 9054 -18155
-24325 13722 -15288 31138
-32693 -19176 -5127 32453
25500 -22754 -19717 1802
-24611 -28731 10012 -32713
-30939 -7348 -3862 28389
-12467 -26771 -11795 -24834
27553 -9375 6698 21634
-18681 28848 -1847 -2248
3696 -32538 -350 10571
-21587 -14182 13631 12976
10353 25988 19980 -29564
-19500 -4831 -16426 -14507
-9416 30509 -30474 14145
-10695 -10989 11147 27262
30756 -22847 -3966 23177
-16142 -11076 -21774 11777
-23267 -21509 -9351 -6145
23205 11113 25193 12831
-26025 8438 -27561 7683
-8426 21556 -3901 -16071
9869 -20968 27862 -26402
-21009 -8581 21688 21937
5406 -10044 26195 -22638
-30760 -2646 -7931 16592
-15537 -14575 30518 27011
10496 25714 -28592 -2291
24982 29428 -26445 22968
16306 -7375 8817 16477
1362 5452 10018 26835
-2795 -27500 -19042 10679
13662 -12103 -3248 18722
1179 -27572 14792 -2894
-12 -15988 -26728 -14090
2627 -30450 32580 19811
32339 -1305 -10399 -3731
211 26281 24927 28562
7262 8728 23237 -9470
2523 -6116 -1438 -11649
-30004 32059 -5212 -296
9572 -17701 -21118 14248
32295 15560 -15143 22603
22116 -22634 18202 -20151
-14984 -22307 -22669 -2131
4240 10061 24183 17820
14914 -7127 -5368 -30007
-13317 -24235 26472 -10412
17829 18310 -31626 -4222
30110 -24011 -15208 24840
9875 1720 -16852 -21267
-32404 20501 -2549 32441
-17962 -4321 -31400 9096
-29440 -6461 -8262 -3546
-1240 32756 4047 9263
3539 -13820 13213 -9179
30553 -10108 3734 14680
26643 -30476 -12948 4751
-29761 4216 -6253 16946
15944 -16022 14110 5931
-6783 -11516 10956 717
9055 10019 -19557 15010
-13637 7937 -31996 22120
-10339 29915 26382 -6135
-25171 29842 13652 6850
4065 -22804 -31186 -1902
15672 17232 32240 7503
-28435 30020 5332 -2936
22319 -630 29251 -6275
10205 19008 -30350 -8073
-13336 10633 25422 -9488
32718 -23045 8564 2766
21838 -7553 -15361 25
30068 10814 3237 18721
-19711 -16745 -4836 -1866
24229 15950 5198 24620
18881 26357 31451 -13326
23092 31753 -19865 800
32190 14974 6477 23954
-8775 14275 -13826 28107
29379 -386 16211 -18714
-27647 -23268 -32221 32403
7903 -17379 -17464 1893
-4331 16563 -11411 12247
1825 25818 13592 -10509
26869 31853 3846 -19856
-7083 -3806 32626 -7877
-8668 -21825 5257 -26944
-2411 20337 4333 8654
-4655 27473 3147 22998
-30568 11781 9480 23411
11402 26683 32273 29724
-6748 22373 -18671 -20593
-31847 -11663 8667 31801
-11567 -24978 -28090 -6110
896 -26191 -22551 -7885
24070 12694 16332 25973
-7977 15461 -5422 -24322
13786 23334 23736 20422
776 6177 15167 15443
10515 -8271 -2571 6911
-31888 3801 14718 12162
-16059 -8121 27928 -4256
30872 -30470 -10930 -10120
4176 -25695 20040 -1613
10 7461 -25529 30425
14565 -15885 -22704 5299
-14594 -14944 -18083 -7367
21478 -14098 29055 -32124
-14056 -20832 -21409 -11464
9478 -22746 5999 23900
29393 17107 21838 8587
-30558 -14708 -15532 7095
21795 -16996 -14478 -2393
-6455 -8704 9020 21449
-32678 -9000 -11674 28156
13640 -1694 7140 -8637
-14192 18409 -9218 20616
28863 -23754 23923 -19309
-29448 -13274 -293 -9843
-18863 -2653 32030 21200
18608 -17387 25966 2387
22590 -6803 -26014 30218
25963 -7535 -17781 10156
-11369 13997 28738 21243
28197 -18378 18591 -21637
118 31067 -26214 28180
1972 5134 -1247 -30845
-4951 25575 -17358 20939
6533 14495 26333 -15305
-28550 27282 16285 -5723
-29937 -19962 19004 29428
-14469 -15461 -32470 -10765
23836 7324 -21822 -1351
27765 8519 27018 27472
-4651 -22716 22348 -1044
21881 24965 -17807 -15763
-14786 -378 26544 -4841
20246 24051 26960 -24519
-5826 9358 22075 16019
-11480 4878 26063 16942
21032 -11919 31665 15091
163 -4822 323 -28724
-7522 -21126 -30480 26400
-5406 -16431 -14387 -15121
28592 -2635 32059 13619
-29570 -20586 14415 -17886
-734 19553 -24514 -21471
11486 5368 13636 -5102
23334 13330 11845 20430
16991 -32079 20636 19816
9080 -30411 22589 11128
-7537 6360 -28780 -4710
565 12887 22278 22870
-24659 -9998 2688 17383
23540 -12047 1384 -897
19269 -3242 7017 24242
-31116 -4812 4657 -32268
4267 -14474 -425 14226
-3453 3172 -6120 -30382
-11687 -25040 -8750 17626
31169 -426 30304 15134
24911 -25332 32168 20280
-23416 -9632 -20883 25210
-13463 -19806 2383 -17469
-2339 18877 17042 26887
15326 -18957 -28891 9217
25679 25051 -30379 32446
-8897 -16490 -25111 -19712
32530 31048 -30416 -2571
21500 22291 23887 23246
-24632 -9892 4207 28599
546 -13596 27109 -24068
-14829 -7491 18487 -171
-19391 -17900 13950 -20268
-14915 29632 13039 -28600
-28306 27043 6952 -12424
2820 -3169 -10689 -11116
27781 18727 -13685 -18539
-26592 -30046 14445 29184
15875 21597 18599 10568
12046 -7507 28427 24088
17950 21614 -16627 19010
-18177 -9477 -32494 -29853
-13774 -3677 -2933 -14209
9148 12435 15420 -20648
-31147 3403 -16002 26294
-18558 5124 -18943 15982
21657 18408 -25441 -15047
-4459 -26676 4769 -5709
-30284 -7096 -12116 12375
-28684 -5345 -32345 24263
-26927 30441 -1920 26431
26921 -18916 24223 13092
-23702 -24575 -10772 5590
16181 -13133 -18728 -27827
8628 25988 2601 21938
-19617 -22140 -8363 -31208
-15113 25351 -26381 -19297
21400 -9541 22125 16334
5160 -7325 20902 -21840
10284 15819 27451 7279
-20304 -28515 24057 -15234
14826 13332 20353 10590
13615 32284 21503 -15605
17910 4274 -32626 -32750
17407 -6459 -13205 5948
32445 3328 -23592 -18380
-2589 -12344 27215 -26586
25901 -27154 -29643 16562
-4390 10115 -22118 9562
-30027 18672 -13249 -12784
-18387 -12200 -18487 16051
-6709 32376 -26047 25642
-28205 -928 -10221 -29337
-31160 31475 -17258 15763
3249 7460 -7982 23831
-536 16263 -19534 -20542
-19777 5085 21772 -31440
14323 18510 15971 -4074
-2721 -7555 -31753 -17419
-22356 -14836 7639 20424
-26859 7613 6722 19273
-26384 -19804 -12387 4600
-15816 1405 -8366 13538
23739 -22646 2976 -19354
-26224 25394 15650 18393
-6968 1640 28652 -8178
-9777 18435 20467 -1329
27874 -16037 8071 1634
10083 -15755 -25314 32519
14543 14587 10640 -20038
-23147 31946 20885 30768
7677 30404 17381 18711
-8452 2495 -19087 -1652
401 -15379 -3884 12056
12859 26124 27498 -29821
-1810 -20956 -1559 -16691
594 -29367 1398 -26358
3059 -31295 -14101 -9179
31444 17626 -18443 -21920
14571 -25899 16582 -2542
-1028 20543 32585 20656
-28145 18246 -14806 253
10498 25677 -27821 -12993
-17431 15511 7361 21564
-28148 -21346 -1245 -26768
-9093 -1780 -14770 -20347
-136 -20141 -19143 -24277
-9871 20725 16675 10521
-32652 -26231 -26426 -772
21058 -28700 30536 -86
26439 -413 -9951 32565
-24052 -16834 -12525 30058
-23709 18163 22596 4723
-4519 -28981 -27602 -18827
13211 14758 20472 22053
-19909 28443 -21658 19039
20511 -11521 -6781 -28210
15239 29879 3291 -26712
4451 10525 9716 17055
-7091 26294 22610 -24701
-22463 2647 -12310 -15333
-21715 10075 26770 5088
-17243 12345 9238 7209
27598 -5967 -13537 -14937
-13151 -10005 -31015 7896
767 188 19938 -10792
-27298 -5938 23070 -11380
26221 21265 21445 13414
-21680 -24816 21536 -13540
-22149 11551 12753 -17347
8852 -21236 6605 -6909
-12584 5321 -19001 -30319
