104 -115 -57 17 61 81 87 -26
-23 104 90 83 61 97 86 42
115 33 -23 -27 -108 -93 22 90
-105 -81 -118 -52 -50 -81 -22 -1
-46 -15 -13 -56 36 13 -122 -36
111 -115 -51 -43 -69 -47 14 93
-101 68 46 -111 -78 -17 -45 36
77 -39 54 44 -88 99 54 51
47 -103 41 38 113 -77 92 27
100 -5 8 25 -27 116 67 -58
57 -25 -113 103 -68 -102 37 -33
-22 86 -6 27 -102 45 11 119
-67 113 -101 -55 93 2 -83 9
46 90 20 96 112 -15 34 38
72 -3 -55 106 118 -1 35 -91
-99 105 90 112 78 8 78 75
-4 -82 -93 102 71 -71 85 117
120 -41 -76 -63 83 70 99 22
-47 87 1 82 57 12 -24 -28
70 -121 -17 -18 -119 94 -73 -8
-99 6 127 120 -10 -97 -111 -41
-103 -59 64 -14 -32 -66 -104 107
-100 1 105 18 43 -63 35 23
100 -79 -15 -1 -120 46 -83 -4
-20 -96 -88 57 -65 -32 50 40
98 52 85 54 -76 110 -120 -121
84 -90 -15 22 36 86 10 15
122 90 -103 -56 -68 8 43 99
-84 21 -6 -5 -64 -24 53 -97
55 -16 112 89 48 -72 10 -96
49 87 119 27 21 -34 70 41
106 -107 -54 -94 80 -20 -32 66
-118 -28 -28 109 14 -75 -54 44
-51 -120 -50 78 -44 -33 -48 -96
84 58 80 -45 -31 113 43 80
-115 113 29 34 108 49 54 -122
-80 38 17 -72 102 66 119 126
68 32 -26 84 88 -27 93 -69
-74 -50 -99 -7 94 -62 77 95
111 -63 82 -13 115 -43 0 46
-127 63 -125 54 40 9 103 29
-89 61 83 93 -7 -123 45 -16
-45 2 19 36 -4 -21 3 44
-12 -4 125 -33 -86 -58 4 104
90 68 108 -18 45 112 13 -4
-37 66 113 -69 49 94 57 110
45 48 -95 -111 -117 -20 -13 92
58 -56 -90 109 -5 -37 -51 -42
108 124 101 -43 3 81 0 90
-101 24 41 -3 39 48 -2 58
-101 -41 -43 -8 -120 -69 45 37
-57 95 -80 -17 94 -107 70 87
-98 90 25 121 -125 -12 -50 -11
-128 -81 76 -92 48 13 116 16
-111 -46 122 -10 -20 10 -61 -67
-20 11 -119 -112 -22 -11 50 -27
-123 37 -30 32 -114 10 -121 79
-77 8 98 66 81 71 -21 -8
124 -45 -97 109 -69 -61 -42 122
73 72 60 9 13 -73 -93 119
46 103 -126 -92 102 -86 61 92
54 125 119 -45 -116 -25 59 13
-17 -19 -51 -13 47 -21 -127 -125
15 2 108 95 49 -101 62 70
18 115 123 48 49 66 -111 73
-93 -82 110 -23 33 -98 64 -10
-84 -106 34 -120 -60 -61 -76 -88
25 -43 -109 -83 113 -13 62 26
61 -45 117 119 -13 94 30 10
20 95 -98 27 -30 -89 -54 -97
-98 -47 23 -33 1 119 -71 107
31 -111 -77 -33 -59 84 60 -48
60 -113 62 -3 30 -102 94 -3
20 65 64 -104 43 14 -69 52
-116 -96 43 -121 80 -27 73 -85
48 87 -107 -125 35 51 23 84
69 81 1 91 66 38 -115 90
113 13 104 104 -84 -24 -38 12
-40 74 54 84 72 17 102 32
-85 -126 64 96 31 73 -109 86
98 -36 -101 20 -115 37 -61 -24
64 14 87 115 -17 -57 -96 40
-70 61 -101 21 27 -67 -44 105
-44 -58 -11 -62 -120 27 -92 -2
72 -10 15 -97 -100 -28 -65 -25
23 -19 -41 1 -44 65 -87 3
-47 -87 50 -113 -23 91 -51 108
-114 1 83 -13 -11 116 -113 57
22 -52 78 -59 113 43 -52 58
118 -71 -73 -73 79 -102 -123 -40
-70 107 -29 0 54 64 30 -29
27 60 -4 -33 -105 12 -76 66
-122 29 -16 -63 -1 68 33 -115
-34 36 76 5 107 1 91 39
-94 35 -94 97 127 113 -12 81
110 50 126 -24 -24 -42 -85 115
-75 20 33 -109 27 -31 103 -89
71 126 93 -83 47 116 93 45
20 -98 38 6 76 -44 -59 -51
75 -25 9 -20 -98 125 83 2
89 13 -94 -91 73 62 -11 -101
38 27 82 4 105 -122 -42 124
-120 -74 86 112 -77 -109 0 112
-70 -115 -20 -65 -103 -127 -125 -93
26 28 -115 -65 -91 61 -1 72
2 -114 -66 50 -58 -37 -70 -72
-50 19 -54 53 -62 113 54 -22
-100 -50 49 -45 52 99 -1 64
-34 -105 -25 121 106 7 -25 53
33 -53 76 -118 104 -119 -72 35
3 -95 -32 86 91 -122 5 20
111 16 -14 116 -84 -117 -109 -84
100 -22 -46 -77 -126 2 108 -18
-10 41 20 31 32 -96 -20 103
-28 -86 118 -14 104 39 -19 -58
31 2 69 92 46 -84 -86 121
-84 31 -75 65 121 49 56 -41
38 107 42 -78 -47 -8 -68 123
-101 -77 4 -16 10 111 -111 119
69 -118 35 104 75 -83 -126 -61
-91 85 -120 40 -47 112 57 -9
114 -41 86 -26 -69 39 34 -35
60 -37 111 4 -18 80 -68 -56
-118 -100 -98 74 -71 -52 48 54
-72 -78 -5 26 68 75 -86 124
-11 91 80 61 -107 -57 90 113
60 -32 -94 -128 -8 71 74 3
-79 91 -89 88 83 -95 62 -82
95 46 -24 -116 -12 -102 -52 -55
27 -57 -17 -120 85 -77 95 -77
-7 -49 -100 -78 -91 15 99 9
56 75 116 -128 -121 75 34 100
-82 -109 65 -5 -108 104 62 -40
-50 -46 -27 24 -32 -126 121 -22
-38 -68 -58 -75 -47 80 -75 107
7 -44 50 74 -30 117 -11 -36
29 51 -103 61 -122 84 1 -46
-103 -7 -20 -1 -98 -83 -77 45
-33 27 113 -12 4 -80 103 80
-26 -121 111 10 125 -76 84 -101
14 73 -17 -58 -106 -79 108 -105
-13 -25 70 6 98 -95 -128 19
82 -78 59 -117 -59 71 -44 90
-96 -34 73 -10 10 1 95 8
83 26 -109 125 22 96 -105 -88
64 -89 70 -68 -15 26 -26 -14
89 -106 -81 -118 -82 95 62 -43
-15 61 -87 17 43 24 -59 55
28 -85 62 62 -63 -25 92 98
-43 73 -102 62 -62 -76 31 114
-71 -11 -88 -47 -39 -125 15 7
118 124 -67 119 65 -63 -23 54
69 112 -88 26 64 78 -113 -29
79 82 -6 -21 61 68 -82 -107
-93 -98 46 -103 -63 -100 86 117
1 -21 -39 -9 -74 102 124 70
24 -23 30 110 70 -103 -53 101
-95 -110 -104 -64 102 -120 52 -26
-103 -87 -56 -41 -35 -4 -114 92
-36 -3 -42 -92 -31 6 -113 -15
49 -41 -68 -13 -55 43 61 -51
93 -36 100 24 1 28 -59 -5
66 78 -9 28 96 22 -33 60
126 34 -36 -23 80 43 -103 -103
-93 -79 94 -123 -42 3 82 -24
-12 11 1 113 35 72 -28 -110
-124 97 -42 -112 -91 114 8 -76
-54 43 -37 -47 64 -59 69 101
-39 -88 -32 76 -70 32 127 -101
104 15 37 2 -24 106 -44 58
-79 -99 11 -30 3 -54 -44 -36
-65 17 68 -84 49 28 123 -3
-84 -102 -116 -93 -24 63 -105 65
13 -77 54 -120 24 -45 78 -80
-7 106 58 125 -50 45 29 54
-80 29 -80 127 48 -11 112 84
-84 -3 -53 1 111 69 -53 -34
52 -41 47 -72 -74 -81 -123 27
-57 -96 -19 0 19 85 97 -105
-1 -98 -27 -111 90 33 -99 -33
101 -123 125 -106 104 7 119 101
-73 -77 96 10 -91 100 -84 23
40 -46 -98 -71 55 -39 -28 74
-104 97 -67 -56 -22 58 -28 107
-55 27 -57 -62 75 70 -100 -74
-76 86 125 14 -101 -12 123 118
-68 47 12 -21 96 120 89 -91
17 65 -56 116 99 77 60 -113
100 -64 107 77 -56 88 60 49
-19 -1 100 85 -76 104 54 108
70 86 -25 -125 -128 33 17 -37
-88 98 121 110 -53 31 -111 87
5 -75 -26 14 -118 -93 125 -6
54 -42 11 21 -102 -90 23 -101
59 75 64 52 107 -74 -62 81
81 84 55 85 3 -105 -57 -61
-45 36 -14 -111 13 -107 70 -63
28 96 -118 -109 13 8 62 51
-88 -36 -120 109 65 14 20 109
-40 -8 -88 -72 45 -86 103 65
10 -125 -57 -70 52 -116 -27 -128
50 -51 102 -78 -23 -98 118 -32
14 42 -106 -87 -97 84 43 118
-121 92 -1 -69 65 94 52 71
20 100 115 40 21 127 127 13
2 9 -53 76 -74 -42 -89 47
-94 34 -116 73 109 -79 76 63
101 120 2 36 9 78 -58 -109
53 -90 67 -28 -122 -21 -70 15
-89 -128 -37 -49 45 -96 -112 -104
-107 -87 -73 20 -123 82 -65 -115
-10 -4 13 18 -43 88 -16 40
-86 -36 76 -6 36 44 97 81
-29 -57 75 -61 -14 -74 80 68
51 94 100 -114 -35 103 117 97
6 39 99 -69 73 -44 -103 -101
-90 -66 75 -54 -7 -50 26 85
-69 -71 -90 -66 105 88 88 71
5 102 -39 -29 -40 -9 -2 4
-9 102 -40 19 -94 54 20 -105
5 101 100 123 127 -29 -34 -1
-90 -115 105 61 -39 26 54 -101
-96 -54 58 125 -43 55 -105 27
-25 119 -14 -88 -85 -75 -26 33
10 -27 92 -121 73 97 115 -77
-65 75 73 20 -47 -107 96 -93
-49 6 22 -62 38 -80 -21 2
-116 -21 45 7 84 -13 -74 -116
-10 90 -127 -54 111 14 44 -28
-15 -17 23 -32 -21 86 39 -69
-61 -56 23 67 118 15 -99 -54
107 -61 -44 -70 1 84 -11 82
74 -42 56 102 -78 62 -16 109
81 82 -98 -66 80 64 -21 -51
81 -37 -38 86 55 -49 127 -56
33 79 94 -113 -75 -62 95 -87
107 -67 114 82 -12 15 -42 80
103 -127 28 -50 -65 -78 -126 122
14 -94 117 -72 99 117 -81 -51
53 14 -114 19 48 -114 113 -27
-65 90 -114 -128 106 8 93 -1
56 64 -114 -115 106 -4 -47 -116
67 6 14 -54 -23 -127 -41 45
-102 18 127 12 34 62 28 -126
53 -12 114 -8 67 6 109 -71
-30 -40 -115 61 -30 -52 -111 58
-35 -79 -33 -106 -65 -117 -61 -17
-63 126 -49 51 110 53 58 117
-4 -18 21 -92 93 -80 -31 58
-3 57 -17 -120 17 -57 4 105
72 -112 69 17 -99 -69 -87 101
-25 35 22 -63 -22 37 39 74
-43 -6 44 114 -10 -73 -98 52
38 81 24 57 8 66 -27 -6
99 73 8 101 -121 30 3 104
102 116 -90 -61 -13 98 126 -126
112 60 -113 -35 -111 110 -69 -76
69 36 -90 -111 -95 -127 118 -51
-76 -61 69 -67 -33 8 62 83
-57 12 97 17 53 63 -74 -115
81 -43 -56 55 -91 98 17 118
12 75 -102 -90 4 97 -37 77
52 -4 -86 107 -18 -33 -63 102
61 -23 10 70 -7 -123 -28 -25
93 -73 -99 -1 -97 15 7 -20
26 -62 -89 -127 111 -7 -17 38
46 -87 65 53 72 101 45 -106
-65 -4 28 99 120 32 126 125
127 111 81 40 64 16 113 -107
-26 -27 32 32 101 -8 123 39
-31 -123 73 -74 71 86 50 -58
-59 104 -75 42 99 17 99 5
-82 68 87 30 109 84 -114 48
84 -82 43 -3 18 43 -25 -37
-80 -64 -79 75 41 68 -21 64
71 -61 -107 36 93 21 -31 -126
41 50 81 60 102 -3 121 67
106 33 -82 93 0 -22 122 123
51 8 46 -84 13 81 -105 27
-109 -53 64 111 73 -79 65 16
-99 -84 119 7 1 112 87 -49
112 -44 99 75 106 -76 64 -16
96 -21 -21 -78 -40 73 31 64
-19 -38 54 -32 -72 52 -116 76
-92 -78 41 95 -46 60 84 -106
-10 59 98 108 -87 -3 -127 64
-118 70 94 51 -112 69 -64 86
-42 -82 -107 -79 -35 88 69 39
-88 105 123 -79 -42 59 -25 -88
58 29 -73 126 -7 -22 -116 -43
115 85 36 127 119 -24 102 34
-44 57 10 109 83 64 77 54
121 -64 -125 -12 -94 19 7 -112
-11 113 55 48 -23 20 -6 -108
51 95 -88 127 95 -124 -74 58
-79 -89 -78 -106 60 73 20 89
4 47 67 4 -76 -25 -51 101
-28 -36 55 -72 42 -110 -115 -120
116 74 -22 49 -52 38 -41 -88
-53 -59 -45 -39 92 -128 124 -99
-95 99 -99 112 62 87 85 32
102 13 -97 11 -21 27 119 -106
95 102 36 -45 -94 -116 29 108
-59 -75 -24 -118 72 41 -56 -82
-38 -99 -120 37 52 77 49 -29
-82 37 79 -102 19 118 -58 -33
20 100 -114 79 -72 -109 -107 63
-86 -11 1 13 -102 -103 -85 31
-8 -24 -48 64 59 -104 -82 94
92 -65 117 -19 109 114 119 -101
100 66 -3 -103 69 -2 -108 69
45 49 -18 96 94 41 31 -83
76 -39 -128 121 -91 -69 -94 120
-96 29 109 -66 59 -41 11 -33
116 69 -107 -84 -44 -97 23 -86
-72 -101 83 -67 25 83 34 92
-108 5 120 -18 49 -92 -112 -81
-73 -48 -112 4 -85 88 -97 7
92 -79 121 -39 86 101 118 -54
-13 -89 72 74 -34 -63 28 -68
-55 83 -91 -8 -38 106 71 101
62 43 -14 46 -85 115 48 46
31 67 99 -76 -81 -53 -28 -1
66 -114 27 74 112 -51 -18 63
-104 116 -13 38 92 45 56 31
28 -5 49 73 91 38 -64 24
52 7 10 -118 -5 43 111 -127
126 -72 -101 15 89 -124 -8 127
127 -41 -123 53 -58 105 -8 44
2 34 -60 68 125 120 -11 31
-109 -87 106 -39 49 120 -41 69
26 10 23 -31 -102 100 -77 -43
-32 106 -88 28 109 -28 -36 -103
-102 81 106 43 -115 -69 123 2
-79 -72 82 9 86 31 98 -74
-66 63 -10 109 103 -7 -111 50
34 81 -93 -61 113 -52 82 -71
100 -44 -78 -95 59 108 93 -113
-48 75 113 59 -21 -117 -95 -56
-72 124 -118 79 45 -4 60 49
-122 114 58 -28 -47 2 -83 31
93 85 -57 42 -110 117 18 -56
-64 39 -41 -104 114 -122 -116 -46
72 -92 -18 -25 -70 68 37 -1
-101 -106 37 116 69 -111 -81 12
33 -70 9 14 121 -108 54 114
-39 16 23 -119 -64 -31 28 -90
76 -122 -16 4 98 -94 -93 -56
-110 -17 94 -73 77 -108 -111 114
-31 -97 -21 -57 -74 -47 25 -120
60 -68 11 93 60 -38 -93 -67
-86 -52 100 13 56 29 16 93
70 8 17 -125 62 23 -49 -119
23 97 -31 -95 18 -125 109 35
54 -101 11 -64 20 106 115 119
-65 -7 44 -110 -88 -88 -82 -12
-8 -38 -33 -56 17 -106 42 11
84 71 -114 -13 -118 51 13 -4
-103 110 92 62 -46 -34 -121 38
-40 126 9 -34 14 84 123 -86
-105 -128 -3 83 -26 28 2 96
-23 71 6 -8 -2 21 -115 12
-113 13 -56 110 57 -68 -96 -48
102 42 -50 90 -58 -102 32 -16
109 -113 23 -42 -75 105 -58 13
-78 110 -20 37 -36 -53 22 105
-119 -33 -96 112 59 -123 -76 89
54 -115 113 -65 12 79 68 45
52 -120 -47 -55 -97 69 -5 -49
56 -114 -17 6 -92 -98 32 -58
-64 5 -2 -4 61 127 -29 -111
-70 -77 7 122 -42 -88 -12 -23
101 97 -4 -67 -114 116 96 122
14 83 67 109 42 -75 12 -117
-101 -27 -107 -65 -17 51 108 -52
-29 52 -17 -39 0 -72 -111 16
22 57 -8 -60 -52 -23 -21 43
-98 -123 -89 -104 -78 7 108 13
-39 67 74 3 15 -92 -48 80
71 93 -19 -7 -109 -125 -76 3
17 -81 -93 28 -86 -65 -24 -66
-20 -87 61 -49 -59 -100 45 -125
45 82 89 -84 -72 61 66 -58
3 67 72 -31 -34 96 -80 33
-1 11 55 85 67 -84 9 95
88 -20 103 -45 70 50 -30 77
-7 22 25 -118 -30 -107 12 -107
-118 66 85 47 -57 -24 -31 91
123 77 -6 -39 2 86 -41 109
117 108 61 60 -91 -40 9 -122
-121 95 -92 -21 -80 -67 -59 -110
4 -17 -21 -96 -38 -107 -115 -54
94 -80 -10 91 -1 -67 -14 -109
104 61 -40 39 -5 1 -64 -120
79 -53 89 42 23 49 -74 114
-43 45 28 -90 -69 60 17 -11
-75 64 -30 -118 79 -100 64 -2
4 11 78 62 -38 59 -43 0
-34 99 -93 -30 -119 -15 49 -81
-80 109 36 -105 -125 46 -87 -18
84 -18 -82 -18 -75 -19 -11 19
23 88 97 7 104 -5 21 -45
-27 117 93 -76 -86 44 57 42
-105 -46 94 -20 -72 -40 98 -80
55 -40 3 -107 -79 53 116 -100
-67 60 -11 114 94 86 12 4
74 114 109 59 110 -123 -6 73
0 -98 55 32 108 -25 64 -109
21 101 21 -124 119 120 127 -101
-12 117 106 -34 -89 -45 88 44
-125 54 40 56 11 2 11 62
-33 73 89 -112 -64 82 32 80
63 31 -64 21 -76 -95 -28 115
-69 -74 -82 38 96 -60 -9 -32
104 -99 -74 117 -1 -62 65 -86
58 -75 65 114 -95 -69 -123 51
111 32 40 -114 -78 -37 83 -104
60 -26 59 -11 -26 102 117 -69
4 -66 -122 52 86 -121 -8 -18
94 -82 84 -33 -25 -81 5 69
-40 12 -52 79 9 60 -102 108
-71 -81 63 6 101 -19 82 44
16 70 121 -113 13 42 101 105
14 120 26 -23 -50 34 -2 25
-59 -93 110 -74 -19 -33 71 -3
-16 -95 80 -82 84 111 -71 -10
0 -97 25 51 -45 -96 32 -102
3 110 -63 -22 22 105 101 -45
-116 -55 9 75 -84 110 -60 28
-21 69 -62 -98 -78 -38 106 -55
38 -75 -46 68 -39 40 -32 23
-117 -115 19 -12 -62 62 -109 92
88 -2 -8 -2 87 48 -88 64
79 -97 74 67 -48 -121 -87 103
-10 98 85 60 40 3 71 111
-99 73 108 -35 -11 22 61 72
-7 127 -26 3 14 66 -10 3
118 -102 78 88 23 3 37 -36
122 11 100 -23 -21 -31 -118 -48
-1 122 92 1 -79 48 -15 52
31 16 123 -8 -56 88 77 12
-86 -12 -37 -5 92 55 77 -74
103 -52 -105 14 -72 -19 -5 -23
-6 -22 108 -25 -90 57 -103 102
-5 38 89 -72 20 -122 103 82
21 115 -70 -112 -47 -117 -113 -81
115 -118 -36 12 50 122 94 -84
78 -114 -34 -123 -72 44 -34 -31
-24 -122 -53 113 -3 -72 -108 -39
-50 64 17 -23 117 -6 -64 -9
93 -2 54 -107 121 82 -43 68
-110 -116 -113 -4 -8 114 76 -25
-125 -53 -72 85 19 10 -124 127
93 -43 -6 85 69 109 89 -68
0 60 -2 63 95 -120 -25 -60
-106 -107 -35 125 -84 94 67 -26
98 -125 109 17 102 17 62 14
-10 -20 23 55 -50 15 -48 24
91 10 -56 89 0 111 73 125
-5 63 8 111 80 43 120 -114
-44 -81 99 90 -82 -104 24 118
-85 99 36 -14 -104 94 -81 -79
-104 -4 -79 -120 76 112 124 15
-58 -10 -95 89 -30 107 -128 88
59 104 -75 -12 -53 -127 -16 -8
-93 -46 -1 43 -80 -86 10 29
-72 -31 26 -106 51 120 17 -76
22 -33 6 -113 67 77 34 100
76 82 20 -56 -54 91 9 121
-16 23 11 92 117 18 87 -31
-39 -78 0 -7 28 -61 -62 126
-4 105 -70 -50 53 50 -22 -102
-57 -124 -76 -31 -75 62 107 -39
-68 -21 70 -20 58 -127 -15 124
-83 33 119 -1 -49 78 94 58
121 -47 -30 -28 119 24 14 52
-26 -37 74 -2 4 -69 -36 -46
-4 -118 73 -72 -105 -83 -81 -75
102 -35 -77 -15 -53 31 88 32
6 -102 -45 37 118 -108 -18 119
17 -117 -101 -87 108 -65 22 126
125 125 -54 -86 -110 125 99 98
125 -53 -88 -93 66 -73 18 -102
85 -40 -100 127 -35 120 78 -64
34 122 17 57 120 39 16 -1
113 102 99 65 -87 46 -95 80
-56 53 77 -50 115 80 8 -105
65 -19 -18 -4 -42 120 93 -44
-118 -9 -9 -46 -31 -112 49 14
0 -50 -112 -25 99 -10 54 54
-24 -99 64 -108 86 114 40 21
123 1 -81 -108 -42 -83 21 8
-110 -107 -79 -28 -75 58 106 24
-27 -9 -46 -25 -80 33 106 -20
-82 -10 -29 -63 -43 1 63 -2
-71 -84 -101 -89 -27 109 39 63
-60 -74 118 98 -50 108 29 -83
-7 29 69 -4 -120 -29 -67 26
49 -121 -65 -86 57 -103 -24 61
-86 67 -73 98 -37 122 -51 -23
-1 -73 -110 -100 68 26 118 126
53 -21 -84 -47 -70 85 -18 -121
87 83 -14 -28 75 -44 33 58
77 83 -34 59 -69 -94 103 127
-39 34 -80 9 10 47 37 -64
-67 96 -52 -2 -58 87 10 -108
43 93 125 -100 91 54 100 -63
-104 -105 -127 -17 -87 48 97 125
-38 -104 -81 28 -88 -34 -87 -56
-87 -32 -35 27 8 -91 106 59
114 -67 61 -58 58 -11 -3 116
-58 -11 -103 -120 -92 -71 83 -58
